-12
-30
-24
-32
-23
7
30
37
30
5
16
21
29
35
41
-31
-90
-62
-59
-8
23
-40
-40
-11
10
-1
15
-9
36
-7
18
-6
-35
-15
-35
-5
-27
-23
-46
-26
37
20
56
44
8
-20
29
20
-13
25
19
26
-15
-2
2
-3
-32
-37
-6
-21
0
-16
-9
-10
-1
23
-14
28
-9
-17
0
-1
21
-14
-22
-4
-25
-7
-21
-50
14
15
13
31
35
29
24
33
63
20
-32
-50
-99
-93
-8
5
5
-8
10
5
32
-16
9
30
26
14
-31
-45
-51
-19
13
-40
-8
-38
-42
16
45
55
3
15
25
31
31
28
25
-18
-42
-49
-44
-31
-6
23
48
44
42
34
55
65
30
58
-55
-67
-111
-89
-52
-12
2
-28
-25
-8
42
-22
-83
-53
-45
-14
-31
5
-12
-39
-27
13
44
49
55
-43
-47
13
11
21
-43
-23
-36
29
-37
-39
7
1
26
0
-16
1
14
-18
28
25
24
-29
-9
-50
35
-5
20
-12
-22
3
9
18
-2
7
-36
23
32
29
26
-26
-13
20
-25
28
-23
-26
5
-34
-23
24
23
25
-16
-36
29
-6
-12
2
-24
54
-24
-94
-85
-38
6
-9
4
-2
-79
-54
-12
41
48
26
-46
-16
-6
5
41
0
-20
-21
29
14
-35
37
25
-3
28
-26
26
-25
11
23
13
20
-22
-31
-55
10
-7
4
-20
-12
30
14
-4
-20
-27
64
-46
-68
-67
-58
13
10
19
-21
-64
-32
-8
2
21
31
-42
-37
-13
11
2
5
-16
7
-1
-17
-37
-5
6
-28
-10
24
55
-4
-7
-14
15
24
-18
-27
-43
16
-1
-25
3
-7
16
-10
6
-7
-34
-44
-29
-19
-41
-42
-64
-38
-32
-31
-27
-62
-88
-33
0
-7
-48
-61
-7
-5
11
-15
-32
-48
-49
-45
3
-23
0
-14
-41
-34
-21
-18
-42
-1
-20
-34
6
-4
-19
9
-6
-8
-19
-35
9
-30
-41
1
0
-1
2
-21
6
24
12
28
13
0
12
28
61
-15
-32
-5
10
-3
-25
-37
-33
-28
31
2
-2
-4
-16
-56
-13
-16
-46
-15
-85
-40
-50
8
-43
-37
-15
-4
-23
-62
-46
-28
-30
-32
-24
-39
-37
-57
-3
-4
31
9
-23
27
-17
64
-13
12
-28
44
26
-57
-7
-10
43
21
10
8
-33
-27
30
-8
15
-45
8
-17
-37
-39
-61
-28
-10
-15
-45
-67
30
44
58
58
12
10
9
-38
4
-3
-35
-7
-7
-45
-37
37
23
30
31
6
23
-24
0
21
37
-20
-33
-16
-50
-47
-29
-13
-2
-18
-27
-12
32
7
-10
5
-19
26
26
-16
-13
-17
-17
0
-26
-14
9
-21
-28
-40
-1
-1
-11
-17
5
2
21
18
4
-18
19
-13
-46
-10
-38
-64
-35
-20
-14
-22
-75
30
10
53
38
30
20
-25
-31
-3
37
-53
-36
-51
-43
-25
3
-6
25
21
-2
-12
7
-4
28
12
-32
-39
-39
-37
-22
-10
11
-8
18
-10
4
41
22
-11
-19
3
-14
-12
-59
-23
-5
4
-2
-8
-49
1
28
67
60
44
34
12
-31
-32
33
-14
-38
-23
-30
-19
-21
-28
-30
6
26
19
27
-5
-37
-68
9
6
19
41
-6
40
19
55
63
31
-1
-27
-40
-50
-36
-5
-14
-3
7
-4
15
20
21
24
-4
22
-32
-17
-35
3
-40
-32
-47
-54
-39
25
2
18
-12
37
-3
-18
29
-2
28
-25
-28
-19
19
8
-29
2
-5
2
-19
-27
9
-31
-2
8
-21
-9
9
-19
15
-24
-49
-61
-1
-3
-15
-5
-32
-70
-46
-23
23
22
-3
-15
10
44
30
33
62
25
7
-51
-49
-41
30
-3
-3
9
-3
2
-1
-15
31
37
-1
-35
3
1
-2
-28
-18
-44
-15
-1
-8
-15
26
31
26
-36
-28
-53
-42
-7
23
17
-40
-26
-37
15
24
2
38
27
41
12
24
70
70
19
-24
-35
-65
-50
18
-17
-24
-15
-7
3
35
24
-70
-8
-69
39
103
-26
-49
-54
-48
70
30
-32
-19
-36
6
20
-31
-18
19
15
-22
-8
5
-6
16
28
28
7
-16
-81
12
48
34
42
-87
-35
26
26
-14
-37
-20
-10
10
-6
-8
16
16
27
2
-7
30
23
-9
5
-21
-14
0
-2
-18
-35
-2
28
1
-25
5
-19
28
-32
0
7
-8
-3
-28
42
25
-72
-38
-44
16
96
-43
-61
-63
-33
74
54
-64
-39
-54
5
57
-11
-13
14
-3
20
-12
-21
-17
6
-6
11
24
-13
-69
-5
1
22
-6
-102
-42
2
11
33
-3
-43
25
15
7
-3
-4
32
14
58
6
-64
-30
-19
16
82
-41
-60
-51
-47
117
24
-45
-18
-63
51
32
7
7
-29
-65
-5
31
-31
-21
30
50
14
5
76
39
-38
-38
39
-2
6
-17
-40
-24
-10
-19
19
5
-6
11
28
-15
10
22
11
-7
-44
-36
-23
-59
-33
18
1
-24
23
-26
-7
31
29
27
-18
-21
-32
-28
-21
36
25
6
-6
21
-25
-1
-11
-30
-35
-29
-34
15
-23
9
14
-8
15
8
28
-22
-13
-15
16
-83
-90
-23
30
-16
-41
20
76
9
12
49
51
-15
-70
4
-26
-18
-5
-2
-38
-37
-28
30
29
27
24
10
3
1
-22
-4
-62
-75
-18
-36
-73
-47
-9
20
-44
-38
-6
-16
-6
29
23
6
-27
-29
-6
-82
-74
-49
26
-55
12
65
73
23
49
63
46
-17
-73
49
-8
1
-13
-7
-44
-57
16
20
15
-1
15
-14
6
-9
6
-14
19
56
77
-88
-87
-101
-73
-17
-1
-51
-43
-17
-35
61
64
75
36
-14
-48
-26
19
14
9
-38
-34
13
-20
-52
15
16
23
25
11
-11
15
4
37
30
-5
3
-5
-43
2
-32
-4
-6
23
-23
-40
-18
-5
7
7
33
22
5
2
-18
11
-13
19
29
33
-45
6
-34
-14
21
45
6
33
-16
18
56
14
26
26
35
-85
-86
-102
-76
-5
-50
-60
-46
-62
-15
28
30
40
7
24
0
-30
-16
23
-23
-10
-38
-38
-19
-42
35
15
25
-1
11
39
12
3
-8
45
-11
-13
-15
2
6
49
39
25
43
18
31
5
26
60
79
-85
-95
-72
-45
21
-21
-40
-45
-79
-54
41
25
21
47
16
-64
-92
31
50
-4
-91
-69
47
42
-76
-70
4
89
-8
-49
-41
9
12
-1
-10
9
-11
20
-21
-32
3
19
-26
-24
-20
37
-8
-63
-59
34
43
-27
-87
6
21
25
-38
-17
20
-4
-3
11
-3
0
-5
-10
-7
18
-23
22
35
-7
-31
-32
7
31
12
-55
-27
-15
-22
7
-38
-1
-2
4
-9
6
-4
14
-37
-97
18
54
-26
-63
-88
73
72
-87
-65
12
63
2
-45
-28
31
35
-12
-43
-5
-5
16
-20
-50
15
38
-12
-29
0
45
21
-81
-60
18
25
26
-82
2
-11
-20
-16
-50
-6
6
-25
12
-29
14
5
-57
-127
22
25
-5
-115
-94
63
34
-74
-74
-10
88
24
-57
-56
18
60
-28
-60
7
16
4
-9
-7
-7
35
57
25
17
22
44
1
-31
-51
-75
-96
-43
-24
4
12
0
17
22
4
13
39
7
-11
-16
11
2
-35
-24
-18
-20
12
-32
16
-17
14
35
35
15
-9
-22
-13
-15
-16
28
-39
-44
14
10
23
-36
-41
-35
-26
-4
7
7
-31
10
-14
17
24
16
17
-1
13
4
25
5
-17
4
-11
22
-6
28
-9
32
11
54
4
23
-7
-20
1
-52
-44
-114
-80
-52
0
27
-2
-10
3
21
-2
20
-19
14
-6
1
-5
-53
-33
-10
-12
-26
-27
-11
7
51
34
52
-3
5
-33
-23
8
-10
22
-6
-51
-9
-6
-13
-9
9
48
43
18
6
34
15
-18
-41
-82
-100
-82
-62
-31
3
-22
-1
1
-4
49
49
18
-1
0
-23
6
1
-16
10
50
3
-28
-17
-38
-25
32
35
58
-24
-20
18
12
52
18
-47
-66
-48
-7
7
6
19
12
5
5
-33
-27
-21
18
-12
-21
-6
-29
-70
23
4
3
-43
-46
-10
37
39
3
-17
-3
8
15
-30
-7
-2
-21
14
-15
-35
-15
-6
-40
-20
4
0
-5
23
8
-2
-9
8
-12
9
25
-3
-30
0
0
13
-10
29
11
-26
-19
-18
6
64
30
38
-22
-56
15
43
33
48
-9
-68
-49
13
-5
-3
-20
18
-5
6
10
-16
-32
-4
8
8
-16
-69
-62
21
18
2
-15
-32
-39
17
25
-10
7
-1
14
-45
1
-26
4
46
6
-26
-17
-59
13
56
63
31
-4
-11
-13
41
51
39
-60
-79
-52
-40
28
53
-6
-51
-48
-49
7
50
75
-3
-16
-55
1
37
22
16
-15
-46
-17
-5
5
-6
15
-39
7
-18
-45
9
1
-7
10
-20
-65
-71
-54
-17
-11
-34
-31
-71
-18
33
1
-25
-11
12
-6
-9
6
-6
-1
4
5
-14
-5
23
-4
-14
2
-3
3
29
-36
-23
-18
-14
-9
9
-28
-22
15
-12
-11
9
-13
1
-2
17
-78
-49
-64
-16
68
38
23
-13
-4
15
55
25
-10
-16
-25
-4
-16
-19
-11
-34
8
20
-13
-40
13
-8
-17
-21
-11
-36
-40
-24
-6
11
15
-67
-57
8
-2
27
0
-12
-21
-28
13
15
-34
-19
31
18
-56
-68
-15
0
79
59
42
-6
-21
34
45
63
14
-53
-17
-31
22
1
-10
-20
-9
-13
12
-4
-2
38
-34
-30
-44
51
25
-71
0
-68
60
-1
-67
2
-23
69
-19
-14
7
-32
51
-22
4
12
11
-29
-26
3
-31
14
-46
-24
36
-29
2
-77
7
35
-32
37
-47
-37
9
-4
10
-21
-19
-20
5
-30
-40
-3
-2
-4
-14
8
-29
-11
-30
-24
-16
-19
21
18
15
2
-28
13
4
-8
-19
-27
-8
-37
-37
-1
11
-8
-40
-68
42
18
-51
-19
-60
22
24
-68
37
-22
67
-19
-17
-5
-15
10
16
-12
18
19
-1
-34
16
-23
-14
-8
-13
1
-30
27
-67
-34
9
-37
36
-86
-21
-29
-22
9
-24
-24
3
13
-15
15
-6
-30
-27
-76
41
8
-58
-6
-76
74
-13
-96
22
-64
48
-18
-32
12
-4
49
33
13
23
-53
-65
-42
-57
-72
-4
-15
-4
19
26
-18
2
20
32
48
7
-23
-14
-32
-3
37
-14
-38
-57
4
30
35
34
4
25
20
-1
-15
11
-24
13
-10
-25
-28
-21
17
24
-1
27
-19
-7
-20
8
32
-19
6
-26
-5
-13
3
-21
8
-29
-3
-23
-19
23
-5
-32
-30
-15
-17
1
-4
19
-6
-18
23
6
-8
-10
-24
-83
-91
-102
-46
-43
-6
4
7
-50
-37
41
67
62
-12
-47
23
-22
7
43
16
-7
-55
-29
-15
26
-9
6
37
26
-14
-23
9
-14
-20
29
-32
2
-5
21
0
4
-26
10
-8
20
-9
34
24
-41
-42
-85
-91
-106
-39
-28
-32
21
56
-19
-36
14
34
49
10
0
-27
-8
4
19
25
-22
-27
-45
-15
-19
7
-1
52
-71
-65
-59
2
12
21
-18
-55
-56
-12
-2
5
-29
-56
-67
23
34
32
13
-12
-18
26
-24
-10
-1
25
4
-16
27
1
31
26
29
25
5
-18
2
29
28
45
22
15
-25
-16
4
-12
-11
-15
17
-13
37
-15
-26
4
3
-10
-10
15
9
0
10
-17
21
-16
-6
4
9
-8
-24
0
-47
-9
4
31
25
-97
-97
-62
-31
15
16
-19
-49
-67
-39
23
-1
18
-45
-81
-1
55
51
14
-7
37
19
14
-30
-9
46
-2
39
-13
-9
4
22
28
5
26
6
-4
-26
41
9
-21
21
-22
21
24
-59
-25
-6
34
62
-82
-97
-49
-26
27
-3
-67
-75
-42
-13
27
12
-11
-23
-58
11
39
11
-15
-16
-45
-59
4
59
-4
-52
-46
50
16
-74
-43
53
66
-85
-88
34
29
-30
-88
-33
-18
4
-24
-21
-23
20
42
-27
-40
-1
17
21
-51
-16
8
26
-18
-58
39
15
12
-48
-8
42
28
-1
-25
-36
-19
18
-21
-2
9
1
-29
15
4
0
-13
18
5
12
-23
-6
14
-23
-8
15
-8
-19
-2
-10
-18
24
7
-36
-57
-5
12
-2
-73
-22
84
-6
-54
-23
45
40
-71
-112
9
60
21
-92
-26
-13
0
0
-48
8
26
14
-14
-48
2
31
33
-79
-44
19
45
-22
-27
29
21
9
1
-21
15
-12
-7
-10
11
-25
16
-45
-59
0
52
-38
-75
-24
87
9
-50
-57
11
61
-82
-73
27
62
17
-117
-69
-2
23
-22
-11
-11
