48
42
-76
-69
-78
33
34
-47
-19
21
30
-49
-43
-18
18
52
-39
-51
-67
-30
-32
-58
42
9
11
-5
55
-22
-39
-34
-36
-34
47
-45
11
-47
-24
-26
-78
12
-18
36
-56
37
44
-31
44
-61
5
-56
-8
-31
-81
-65
-30
-39
-24
-33
-30
46
-16
-52
15
31
5
20
18
12
-14
12
-51
62
32
-29
-50
-33
-23
-18
-42
-5
14
38
-24
-93
-63
-51
-15
47
-24
28
30
-7
15
-46
-54
-3
-65
-48
-6
-127
-61
-54
23
-29
-42
-21
6
-65
-32
-33
-29
52
16
-69
-44
-13
-69
-20
-2
-49
20
35
86
-23
3
-49
18
-31
47
-17
-100
44
38
56
38
-15
9
17
44
67
-14
-7
-16
-44
-87
-45
13
-17
-17
-30
-12
38
-75
34
-41
-27
41
-49
32
-5
-37
-3
-20
16
-19
-46
-39
56
1
-57
-24
-75
28
-15
15
56
-32
-43
0
-3
-36
-37
11
-48
-47
28
-57
-17
-2
-46
40
17
47
3
-82
-18
-90
-12
-41
-41
26
45
19
14
44
8
8
46
-42
-13
12
-5
58
-5
-64
7
24
-83
-47
10
45
-12
-35
-45
-2
30
-26
39
-73
21
-17
-43
37
-27
1
47
76
22
-57
24
48
-52
28
-79
-47
21
7
-6
-20
20
11
26
41
-33
29
-92
29
-27
-55
18
47
-54
5
53
33
4
-13
-92
-5
-27
2
-59
-19
34
-46
49
-23
-21
8
-90
-28
-15
-78
-42
22
-17
-36
42
-29
28
-69
-25
17
30
53
13
31
11
-27
19
-52
36
-74
10
-60
-51
15
-13
2
47
-12
-75
-44
-60
21
-39
17
35
4
38
-16
13
45
-28
-24
-23
-38
20
19
-1
-37
-5
-17
14
17
57
-86
15
44
66
28
-11
-37
-20
-109
-42
-52
-39
-16
-75
-39
46
-4
8
58
61
-50
-1
-37
21
33
-11
-6
31
21
23
-10
35
-5
7
9
-21
22
3
-44
-57
-50
-66
-51
-39
23
-51
-1
24
53
-41
52
18
38
0
-33
-4
-29
-76
18
-26
31
24
-2
-39
-17
-60
-46
42
-4
-97
22
-35
-14
-49
-46
8
38
-25
-29
5
-12
17
44
-58
32
12
27
10
-17
-18
-14
-57
44
38
-69
34
51
44
24
0
67
3
-13
-9
20
-24
-82
8
-46
-18
47
-35
-71
-55
-38
27
30
27
-41
22
-31
-12
2
-59
28
2
-60
-67
-70
31
32
-42
-50
57
-49
10
-46
8
14
15
-22
-19
-13
3
56
18
25
-39
-14
5
-34
-48
-62
45
-49
-47
-68
26
52
-26
-34
26
-24
9
23
-53
-18
-2
-73
-38
3
-13
-73
-40
4
29
-77
21
-50
-17
-57
38
-10
36
12
-7
-59
-41
8
-46
-44
-58
-27
-33
38
-43
11
-9
22
-59
-72
-48
13
53
-22
-26
30
2
17
-4
-81
-49
-13
-35
-31
-95
-7
-68
-36
22
3
62
-56
51
30
-93
-7
45
46
-1
-22
39
-21
56
-23
13
67
-37
-73
-57
19
4
-18
-24
16
-10
-11
20
-9
-65
-71
-49
5
-22
2
-50
8
31
-63
8
40
-60
11
-40
11
-89
-46
-23
42
-41
-55
49
41
34
53
-115
-26
51
-84
-15
12
5
66
-29
5
5
-28
-97
-44
-9
-45
-10
-16
5
41
6
-22
-55
-14
54
12
-23
47
26
26
-35
61
-64
-25
31
21
10
-97
-51
-28
-21
3
-97
58
-17
-5
-24
-27
31
-30
12
-30
-17
28
18
59
-5
14
-13
52
14
19
42
8
-12
9
-67
56
47
-22
-1
-39
-73
-66
21
-75
-34
11
34
-71
-17
-45
50
51
21
-66
-37
-22
-70
37
-8
0
-10
-17
4
-26
1
13
-27
-45
43
-47
19
32
-26
-45
54
24
-7
-88
36
22
-4
3
1
-65
-17
-18
-48
15
-17
50
-28
-12
-12
-20
-12
-36
-17
-52
-22
49
-54
61
-62
9
-72
-3
-9
-14
1
6
-30
-45
57
14
7
55
1
43
-73
-17
-63
-67
41
56
-35
6
-40
7
27
52
-43
50
-11
35
37
-33
36
-10
31
-27
30
58
15
-4
17
50
-58
-14
-16
-68
0
16
14
-18
-47
53
61
-59
-11
48
28
22
12
-21
19
6
-66
-29
-63
19
3
8
-30
-19
-13
-8
-14
-26
-66
-24
-98
3
-48
42
-57
-72
0
-49
47
-58
20
-47
-12
-11
-9
-16
-43
