0.115130
0.009068
0.045101
0.038284
0.049604
0.020580
0.162475
0.099627
0.100412
-0.103669
-0.012253
0.019355
-0.078483
0.194748
0.009893
0.019283
0.047749
-0.010887
0.071752
-0.022698
-0.049410
0.170271
0.152452
0.059245
0.050634
-0.079774
0.105966
-0.053621
0.023478
-0.113321
-0.019965
0.022104
0.095054
-0.020595
0.042368
-0.045550
-0.018490
-0.086225
-0.044224
0.026609
-0.041869
0.052079
0.089111
-0.113830
-0.059237
0.121269
0.252909
-0.074130
-0.006967
0.138923
-0.091312
-0.077772
-0.009689
-0.088162
-0.043984
-0.019522
-0.010645
0.052275
-0.024467
-0.020359
0.178832
-0.098621
-0.045417
-0.034466
-0.111270
0.129944
-0.006930
-0.005918
-0.016560
-0.052638
0.249307
-0.016871
0.014628
-0.027372
0.025511
-0.079422
-0.066303
-0.028852
-0.057670
-0.101976
-0.018840
0.022026
0.078324
0.202291
