-0.008232
-0.035906
0.046910
-0.040986
-0.036771
-0.082238
0.005027
-0.049450
0.063757
0.103627
-0.023616
0.025677
0.011994
-0.029360
0.030760
-0.006394
0.022386
-0.036050
0.015524
0.009073
0.040127
0.010422
-0.065512
-0.051400
-0.049895
-0.027761
0.038413
0.090425
-0.017609
-0.020916
-0.019604
-0.105210
-0.051909
-0.064314
0.032317
-0.056036
0.122887
-0.075617
0.097522
0.018259
0.131337
-0.024614
-0.082190
-0.007482
-0.054800
-0.027464
0.146035
0.157603
0.056888
0.017000
-0.053179
-0.019770
-0.042294
0.047915
0.144033
-0.086503
-0.029301
0.026891
0.159822
0.000759
-0.062688
-0.026874
-0.020537
0.058726
-0.030630
-0.011622
0.000538
0.026758
0.039416
0.042285
-0.047883
0.005015
0.069523
0.020992
-0.031282
-0.078602
0.088671
0.001662
-0.065640
-0.070909
0.030410
-0.062347
0.037600
-0.044218
0.022518
0.009338
-0.045935
-0.043152
-0.039439
-0.024450
-0.084229
-0.052243
-0.036623
-0.121645
-0.005431
-0.060970
-0.000840
-0.061677
0.008247
-0.074089
-0.067742
0.011073
-0.034384
-0.038144
0.008384
-0.022531
0.026834
-0.010494
-0.051418
0.040010
-0.024233
-0.037404
-0.039527
-0.022419
0.034906
0.028404
-0.068047
-0.042591
-0.010906
0.069507
