0.086971
0.014094
0.006928
-0.056318
0.092265
-0.001744
0.093582
0.105293
0.025837
-0.033086
-0.092306
-0.010256
-0.071553
0.129815
0.014742
-0.045645
0.021075
0.027515
0.039222
-0.157083
-0.040510
-0.003188
-0.102219
0.100106
-0.013655
0.193112
0.094188
0.148862
0.080997
-0.075113
0.080572
-0.012948
-0.058576
0.046885
0.083876
-0.051497
-0.007112
-0.122662
-0.133841
-0.092661
0.041106
-0.044981
-0.051276
-0.051241
-0.053267
0.078113
0.141261
0.094749
0.090218
-0.086840
-0.027707
0.101720
-0.085809
0.021757
-0.011359
0.136463
-0.083599
0.100275
0.006617
-0.015140
0.131540
-0.099564
0.006821
0.103450
-0.072762
0.008573
-0.051214
-0.021171
-0.071871
0.043418
0.030165
-0.079554
0.041539
0.032376
0.076813
-0.033206
0.165468
-0.060885
0.072405
-0.024010
0.052049
-0.048986
-0.054714
-0.000673
0.181366
-0.096627
-0.029262
-0.000168
0.106287
0.028635
-0.120019
0.128265
-0.058756
-0.181741
0.246416
-0.035282
0.140937
0.061746
0.070460
-0.059552
-0.058912
-0.012290
-0.055267
-0.074533
0.122816
-0.072287
-0.043364
-0.008746
0.106759
-0.039314
-0.032254
-0.007225
0.010152
0.046595
0.072100
-0.042081
-0.052081
-0.000923
-0.053314
-0.045181
0.019546
0.053440
-0.019261
-0.068901
0.038537
0.090744
0.037725
-0.061908
0.100096
0.107603
0.114439
0.132594
-0.031429
0.088172
0.106710
-0.018498
0.129984
0.050616
0.042394
0.004464
0.048272
-0.034437
0.035374
0.079523
0.056603
-0.109162
0.018536
0.060859
-0.076200
-0.002920
-0.013366
-0.044766
-0.091437
0.139435
-0.002728
-0.055499
0.069071
-0.116266
0.037758
-0.104270
0.115745
-0.044447
-0.038638
-0.045790
-0.148913
0.017162
0.089612
-0.044187
0.059945
-0.126151
0.023395
0.015036
-0.030476
0.077173
0.010131
0.128560
-0.059705
0.110120
0.001354
0.040610
-0.039617
-0.107313
-0.047792
-0.032854
-0.090766
0.048253
-0.033864
0.006476
0.013006
0.021059
0.033250
0.040210
-0.002278
-0.034332
0.003649
-0.016831
-0.021573
0.040909
-0.035446
-0.085582
-0.033233
-0.067033
0.148846
-0.094540
-0.040991
0.146732
-0.075605
0.079436
-0.027696
0.054927
0.015481
0.055671
0.045921
-0.034989
0.128149
-0.082139
0.056317
0.057753
-0.080287
-0.058211
-0.056329
-0.061253
-0.022111
-0.080425
0.171174
0.071432
0.070109
0.014837
-0.060348
0.021100
-0.111105
-0.107465
0.042640
0.030264
0.068681
-0.029890
0.055789
-0.060412
-0.072637
0.030380
-0.033979
0.071995
0.035068
-0.065046
-0.052942
0.109628
-0.048475
0.050944
0.034759
0.059643
0.088994
0.070422
0.023868
-0.086578
-0.089252
0.050497
-0.073405
-0.014101
0.045419
-0.053866
0.062298
-0.052179
0.062317
-0.048932
0.119875
0.094634
0.163017
0.029307
-0.025178
0.011177
-0.036144
-0.165955
0.009956
-0.028015
-0.111071
0.052616
-0.072665
-0.043705
0.063917
-0.040909
0.083434
0.002673
0.036824
0.081238
0.078973
0.082058
-0.069594
0.111469
0.014013
0.139161
0.073913
0.007332
0.099795
0.051913
-0.096584
-0.124612
-0.073418
-0.015740
0.010004
-0.003348
-0.039775
-0.062372
-0.075794
0.058093
0.085589
0.000406
0.000443
-0.060603
-0.003614
0.106844
0.045289
0.064299
0.078723
-0.103874
0.045616
0.025479
-0.094637
-0.030005
0.020107
-0.076171
0.083724
0.065142
0.081767
0.076065
0.016965
0.082673
-0.074251
-0.068583
0.099097
0.034815
-0.094911
-0.061587
-0.073600
-0.132728
0.099835
0.061302
0.099009
-0.059048
0.079741
-0.031166
0.026502
0.073179
0.006572
0.000330
0.166906
0.061423
-0.106452
-0.063655
0.044371
0.187551
0.076632
0.050226
0.076533
-0.086253
0.165515
-0.037237
-0.067004
0.065795
0.055763
-0.040323
-0.080793
0.000972
0.014518
-0.050845
0.088245
0.078636
-0.219147
-0.067629
-0.077223
0.039669
0.016425
0.103089
0.055445
0.167653
-0.017553
0.135407
-0.063196
0.035247
0.014569
0.086668
0.129377
0.035529
-0.045547
-0.023618
0.073250
-0.112363
-0.013144
0.071726
-0.072011
-0.029162
-0.103639
0.049886
-0.021595
0.077578
-0.083464
0.043883
-0.027367
0.062612
0.222410
0.047740
0.180141
-0.060798
0.117800
-0.071578
-0.136093
-0.052791
-0.071805
0.013277
0.027934
0.124535
0.071975
-0.135115
0.185786
0.112895
-0.071034
0.011333
-0.036131
-0.095236
0.022128
-0.068829
-0.101343
0.082069
-0.001582
-0.123875
0.105918
-0.033518
0.036628
0.011823
0.131967
-0.083449
-0.059217
0.144508
-0.021198
-0.116640
-0.072284
0.043739
-0.052998
0.078148
-0.163748
0.010745
0.132144
-0.042653
0.013934
-0.080907
-0.241834
0.057773
-0.087471
0.081918
0.059004
0.017542
0.012410
-0.030379
0.075442
0.044961
-0.009959
-0.031053
0.001760
-0.067947
0.020959
0.070507
0.243153
-0.086936
0.032968
0.019973
0.033014
0.167439
-0.090945
0.017151
-0.080066
-0.059109
-0.054741
-0.023978
-0.035400
-0.064582
0.088648
-0.057683
0.110205
0.092484
0.102188
0.220442
-0.043157
-0.021056
-0.135760
-0.010306
-0.044159
-0.060647
0.089850
-0.039220
-0.060694
0.052123
0.083273
-0.007842
0.088376
0.023735
-0.049347
-0.034191
-0.139846
0.017387
0.162183
0.066339
-0.051927
-0.055334
0.071952
0.029431
0.123447
0.082998
0.047577
0.111149
0.023962
-0.022696
-0.053414
-0.092811
-0.110504
-0.017793
-0.006725
0.060347
-0.017202
-0.094541
-0.023681
-0.002831
-0.083239
-0.096021
-0.110494
-0.066837
0.084475
0.162525
-0.066688
0.056580
0.053329
-0.149061
-0.004751
-0.074352
0.082189
0.111097
-0.051621
-0.141688
0.003692
0.061162
0.018051
-0.136367
-0.038919
-0.082307
0.002803
0.132276
0.104977
-0.076010
0.086927
0.028215
0.006148
0.107689
-0.054220
-0.022987
0.078669
-0.005698
0.023192
-0.081444
-0.019832
-0.039577
0.077098
-0.003176
0.013899
0.095609
0.061729
0.082284
0.105072
0.134877
0.061577
-0.017115
0.038360
-0.007644
-0.083351
-0.090260
-0.119005
-0.077424
0.017759
-0.051933
0.098654
-0.097003
0.178552
0.094969
-0.141482
0.037541
0.023524
0.058752
0.007502
0.045564
-0.049794
-0.112776
0.025146
0.127900
0.004913
0.035879
0.065386
-0.076716
0.014969
-0.053081
0.074747
-0.001016
0.089105
-0.008434
0.088477
-0.025409
0.029377
-0.063087
-0.064931
0.002122
0.055383
-0.108668
0.042053
-0.119785
0.125725
-0.069180
0.049812
-0.043188
-0.021096
-0.071403
0.007627
0.166011
-0.025298
0.076082
-0.004662
0.222280
0.006992
-0.069149
0.056810
-0.083892
-0.030987
-0.041908
0.046077
-0.003264
0.106839
0.143562
0.033575
0.054741
-0.036062
-0.079913
0.037461
0.089586
0.000917
-0.030350
-0.027171
-0.050423
0.027451
0.114143
-0.069035
-0.042891
0.024128
-0.183930
0.043509
-0.065634
0.100887
0.079677
0.092133
0.001808
0.058336
0.110942
0.083240
0.051731
-0.078481
0.106151
0.045919
0.063793
0.025953
-0.113936
-0.064159
-0.016997
-0.071760
0.027588
-0.022875
-0.077572
-0.100411
0.068588
-0.086477
-0.034115
0.077553
0.042251
0.061337
-0.033936
0.028884
0.065877
0.110438
-0.042728
-0.116368
-0.136654
0.038695
-0.122142
-0.071287
-0.040795
-0.002550
0.091328
0.189054
0.023354
0.110577
0.022635
0.002310
0.018688
0.071750
0.060383
-0.019646
0.076688
0.053004
0.071415
0.031751
-0.005978
0.021714
-0.043889
0.115094
-0.015180
0.059345
-0.187987
0.008235
-0.021274
-0.010190
-0.032739
-0.041316
0.090335
-0.133126
0.083654
-0.009062
-0.001637
0.003414
0.006238
0.026783
-0.009700
0.059216
-0.004413
0.040722
-0.079472
0.136630
0.164871
-0.022906
0.018446
-0.129305
0.210825
0.010880
-0.043354
-0.001289
0.075235
0.090638
-0.079422
-0.020888
0.102639
-0.086497
0.036017
-0.014669
-0.044820
-0.119443
-0.012050
-0.066307
0.143424
-0.072669
0.124537
-0.103710
-0.015650
0.032800
-0.025455
0.095050
-0.012357
0.028510
-0.080540
0.174028
-0.054217
-0.019210
0.066078
-0.168857
0.025084
0.099986
-0.017470
-0.019982
-0.058407
-0.087605
-0.088878
0.070147
0.094006
0.139737
0.073947
-0.083610
0.140066
0.121709
0.006526
-0.075491
-0.075187
-0.064472
-0.047645
-0.122498
0.110356
0.003638
-0.044442
-0.002982
0.032234
-0.030689
-0.089546
-0.002030
-0.108864
-0.098347
0.098672
0.126664
-0.007808
-0.192430
0.052264
-0.002171
0.084768
0.028101
-0.020912
-0.086953
-0.049652
0.037120
0.019950
-0.043637
0.111236
-0.005000
-0.034076
-0.089583
0.000616
-0.050350
-0.075783
0.004725
0.096487
-0.047465
-0.102618
0.121552
0.047594
0.000321
-0.139092
-0.017866
0.058794
0.016205
0.015678
-0.057933
0.039563
0.013060
0.055082
-0.050680
-0.037005
-0.106212
-0.013957
-0.052467
-0.077792
-0.061005
0.162693
-0.002572
-0.034396
-0.090624
-0.070755
0.014801
-0.036739
0.117163
-0.040389
0.064620
0.076679
0.024459
0.025428
-0.058134
0.012117
0.011917
0.039915
-0.135744
-0.112837
0.122275
0.032047
0.028472
0.027145
-0.000815
-0.066612
0.074486
-0.025254
0.023213
-0.040892
-0.014693
0.061501
-0.120772
0.048365
-0.138864
0.070840
0.166947
0.047589
0.185871
-0.081745
0.015492
0.059589
-0.032628
-0.023041
-0.113907
-0.019693
0.113178
0.199332
-0.014189
0.062888
0.050129
0.021424
-0.070714
-0.047919
0.015693
-0.049257
0.207045
-0.069332
0.070725
-0.030519
0.086077
0.065420
-0.085498
0.067431
-0.044922
0.124243
0.010797
0.130853
0.038781
-0.013186
0.027208
-0.047029
0.067682
0.024706
-0.018403
0.002047
0.089893
-0.116990
0.158493
-0.022259
0.012827
-0.000340
-0.029510
0.094111
-0.058827
0.083155
0.038913
0.002810
-0.072392
0.032013
-0.061882
-0.007289
-0.118487
-0.096184
0.054942
0.140059
-0.105754
-0.002019
-0.038124
-0.082031
-0.120254
0.059177
-0.110819
0.145608
0.054121
0.010894
-0.110758
-0.084060
0.065466
0.102006
-0.042879
0.071277
0.018551
0.003934
-0.106927
0.004723
-0.073780
0.059855
0.116256
-0.036697
0.015763
0.041829
0.001034
-0.072338
0.135271
-0.023624
0.044643
-0.113864
0.111339
-0.117029
0.077563
-0.175944
0.063602
-0.179382
-0.064359
-0.118657
0.093953
-0.099790
-0.103006
0.043027
-0.078287
0.062811
-0.163987
0.083924
0.028874
0.104496
-0.093346
0.082152
0.195620
0.046421
0.019347
0.021219
-0.058838
0.019929
0.205191
-0.034539
0.057326
0.079273
0.067683
0.104010
-0.034596
-0.103882
0.024588
0.051001
0.051539
0.026053
-0.048195
0.159587
0.008104
0.130093
0.104869
0.069930
0.105247
0.117719
-0.116562
0.119318
0.013512
0.146641
0.163083
-0.104047
-0.075348
-0.043962
0.086892
-0.011140
0.074720
-0.015954
0.071775
-0.006447
0.010386
0.015615
-0.026655
0.022973
0.020837
-0.121931
0.011295
-0.019712
0.003932
-0.110984
-0.076156
0.029331
-0.000736
0.124950
-0.144464
0.027779
-0.105809
-0.099256
0.174670
-0.169623
-0.083721
-0.039403
0.057210
0.099795
-0.030047
0.044307
0.176454
0.000875
0.114357
-0.041932
0.154659
-0.002935
0.031348
0.003129
0.148520
0.050691
-0.079133
0.034433
-0.005252
-0.062885
0.132259
0.041042
0.083258
-0.105908
0.052385
0.022670
-0.048357
0.023730
-0.122806
0.141902
-0.136023
0.125867
0.131764
-0.145404
-0.081413
0.028501
-0.063438
-0.026130
0.123182
0.071787
0.085120
-0.035498
0.014798
0.080158
-0.019291
0.144026
-0.087036
0.135962
0.103967
0.202758
0.075669
0.093143
0.010303
-0.148287
0.066074
-0.033170
-0.084552
0.138767
-0.105333
0.102381
0.103880
0.159630
-0.024391
-0.012899
-0.045988
-0.042046
-0.005894
0.015859
-0.010458
-0.073244
-0.150371
0.027412
0.072410
0.017351
0.134206
-0.038401
0.222912
-0.010874
-0.007257
-0.112468
-0.006288
0.062732
0.063599
-0.012947
0.070825
-0.085080
-0.035600
-0.047229
-0.027799
0.002579
-0.119177
0.140387
-0.021983
0.028440
-0.027984
-0.084133
-0.054752
0.057039
0.001411
-0.152675
-0.024944
0.083586
0.091814
0.109364
0.096923
-0.079281
0.043673
0.042661
-0.078468
0.087485
0.026596
0.084211
0.137886
-0.085953
0.024237
0.017837
0.201885
0.040377
-0.066879
0.082678
-0.028031
-0.016066
0.000286
-0.020314
-0.000108
-0.071650
-0.155031
0.010342
0.040589
0.093948
-0.023075
0.028106
0.113174
-0.034722
0.020898
-0.219651
0.039593
-0.076178
0.108862
-0.029074
-0.106889
0.182838
-0.022722
0.016892
-0.081093
-0.091164
0.014681
-0.032844
0.053864
-0.071091
-0.078910
0.022988
-0.033361
-0.000498
-0.080633
-0.071429
-0.066554
-0.042267
-0.017659
-0.028467
0.003388
0.121777
-0.086728
-0.111440
-0.159090
0.090473
-0.000034
-0.007142
0.025043
-0.081638
0.103767
0.043090
-0.005886
-0.223784
0.022476
-0.045442
0.022066
-0.103740
-0.105185
0.112719
-0.027856
0.022538
-0.013603
-0.049556
0.042365
-0.081943
-0.031115
0.050592
-0.094838
-0.037741
0.000546
0.027907
-0.070712
-0.105762
-0.111082
0.016414
-0.126053
-0.125538
0.100392
-0.011288
0.027062
0.031006
-0.089912
-0.073163
0.074379
-0.068407
0.088443
0.008079
-0.103327
0.037574
-0.049323
0.078888
0.143784
0.155183
0.012562
0.098786
-0.010830
0.097053
-0.012426
-0.182636
0.069333
0.079793
0.087548
-0.013453
-0.068345
-0.051012
-0.001444
0.035017
0.155146
0.131273
0.153885
0.076595
0.218467
-0.070992
0.009052
-0.069548
0.100466
0.039294
0.104713
-0.033623
-0.005961
0.105051
-0.033335
0.073183
0.014298
-0.032159
-0.070127
-0.109059
0.159728
0.064608
0.081926
-0.055593
0.129654
0.087178
-0.092435
0.026518
-0.037845
0.071011
0.027843
-0.046179
-0.027747
0.029871
0.034884
0.064053
-0.104484
0.030414
-0.082606
0.070263
0.009311
0.064775
0.021902
-0.096581
0.017033
0.022543
0.039196
0.072268
-0.053265
0.066814
0.038906
-0.081109
-0.011820
-0.027175
-0.035529
-0.127600
-0.100195
-0.087322
0.049996
-0.056414
0.013006
0.003216
0.057563
-0.115409
-0.062039
0.050828
-0.089692
-0.054276
-0.064574
-0.046726
-0.083957
-0.030342
0.201575
0.068556
0.004773
0.028256
-0.098776
-0.127121
-0.046252
0.040516
-0.047490
-0.050603
-0.048719
-0.008434
0.049401
0.068142
0.019072
-0.063428
0.066850
0.094106
-0.008788
0.121772
-0.028978
0.216781
-0.105083
0.123162
-0.026534
0.151055
-0.162270
0.021758
-0.114937
-0.075276
-0.108138
0.005359
-0.085412
-0.159871
0.162981
-0.109878
-0.030542
0.021369
-0.048686
-0.010755
0.076401
0.055876
0.032973
0.113452
-0.086258
-0.045124
0.011102
0.007138
0.081205
-0.067681
-0.069665
-0.033705
0.072513
-0.056560
0.060618
0.060449
-0.076180
0.112076
-0.051929
-0.183761
-0.033478
0.046433
0.034183
0.027250
0.057767
0.040080
-0.103251
-0.006465
0.091713
0.000136
0.072343
0.000185
-0.111219
-0.158600
0.014840
0.016818
0.076391
-0.045804
0.070640
-0.112393
0.024702
-0.054537
0.131659
-0.002430
0.125039
0.040862
0.015993
0.029704
-0.146316
0.033674
0.018795
0.112178
0.088770
-0.177932
-0.052123
0.059388
-0.039080
-0.010297
0.031947
-0.052132
0.110720
0.099615
-0.026743
-0.041535
0.115995
-0.112228
-0.054563
-0.061216
-0.034495
-0.045943
-0.136122
-0.032599
-0.091727
-0.083691
-0.063784
-0.038443
-0.007207
0.122039
0.039626
0.102663
0.234817
0.099488
-0.005043
-0.102598
-0.066875
-0.092452
0.048731
0.032212
0.002440
0.075877
-0.008812
0.047408
0.024162
-0.072626
-0.089979
-0.079895
0.147298
-0.045054
-0.046308
0.119832
-0.088510
0.121032
0.009504
0.088418
0.059968
0.123802
-0.094585
0.006791
0.033484
0.006956
0.114403
-0.083977
-0.123419
-0.138045
0.077132
-0.071756
0.089874
-0.023804
0.066871
-0.031726
-0.001358
0.000240
-0.006312
0.103470
-0.030081
0.023995
-0.044131
-0.032184
-0.027802
-0.009608
-0.078834
-0.056469
0.168294
-0.036801
-0.102694
0.020338
0.091139
-0.006630
0.015301
-0.131442
-0.060988
-0.062944
0.100657
-0.022592
0.022364
0.086762
-0.057348
0.051172
0.090062
-0.059085
0.158718
0.000658
0.060823
0.084109
-0.009514
-0.069081
-0.042894
-0.012627
0.041056
0.039577
-0.051764
0.036208
-0.035495
0.037221
-0.002415
0.027643
0.062607
-0.062146
-0.126907
0.124483
-0.139732
0.146099
0.033916
-0.016443
-0.083595
0.071233
-0.049701
-0.094915
0.109857
-0.037119
0.090568
0.004713
0.117727
0.021904
0.080476
0.049718
-0.069806
-0.080178
0.116632
0.070993
-0.026349
0.069641
-0.026096
-0.057782
0.081265
-0.130871
-0.056755
0.125956
-0.104924
0.100466
0.134574
0.127249
0.031939
0.019941
-0.006131
-0.120120
-0.031849
-0.097142
0.118801
-0.032538
0.017052
-0.137057
0.080410
0.116434
0.184289
0.044373
0.174070
0.126789
0.061837
0.062599
0.133447
0.216496
0.056209
0.211491
-0.166637
0.072323
-0.218720
-0.053596
0.104634
-0.066248
-0.114591
0.056511
0.063364
-0.060483
0.080378
-0.035427
0.087716
0.018883
-0.115810
-0.073114
-0.037707
-0.016026
0.035748
0.105123
0.209682
-0.059530
0.020841
0.042426
-0.101521
-0.167493
0.045763
-0.007579
0.054398
-0.090280
0.049198
0.052091
0.070991
-0.099585
-0.051915
0.052490
-0.060390
-0.068845
-0.036958
0.052172
-0.059726
-0.043776
-0.119488
0.024816
0.022696
0.060751
-0.014501
0.102488
-0.099061
-0.080735
0.060780
-0.037943
-0.077868
-0.050762
-0.068440
-0.079218
0.043151
0.123497
0.094866
-0.082845
0.023846
-0.085133
-0.010072
-0.125095
-0.107496
0.032881
0.021943
0.102922
-0.019105
-0.081822
-0.003270
-0.077312
0.067607
-0.074117
0.027588
0.111854
0.132311
0.085918
0.084122
0.019931
0.077098
0.069011
-0.068949
-0.106294
0.069283
0.050513
0.006110
0.047251
0.007629
0.000130
0.036700
0.121347
0.133216
0.077405
0.015693
-0.040065
0.090056
-0.002016
-0.035001
0.086989
0.032394
0.067308
-0.020859
0.080457
0.123861
-0.017680
-0.050571
-0.059093
0.004003
-0.021468
-0.023542
0.000477
0.206970
0.047134
0.144888
-0.093304
0.002312
-0.015175
-0.102379
0.082877
-0.056519
0.073028
0.001195
0.014897
-0.097909
0.045496
-0.077702
-0.010968
0.053411
0.059267
0.113061
0.044448
-0.055032
0.051268
-0.075259
-0.117797
-0.047285
-0.065851
-0.021723
0.020032
-0.026243
0.027459
-0.079352
0.123837
-0.083846
0.129153
0.018217
0.086231
-0.004544
0.039620
0.026269
-0.024918
0.003618
0.013945
0.201871
-0.004159
0.072091
-0.040941
-0.082148
-0.060974
0.156725
0.089625
0.048278
-0.077265
0.017494
-0.039032
-0.012399
-0.022406
-0.154997
-0.038714
-0.006511
-0.137017
0.032035
0.025398
0.013111
-0.126368
-0.092055
-0.036653
0.232003
-0.014758
0.086653
0.081769
-0.035721
-0.009495
-0.070527
0.075439
-0.085306
0.066957
0.039133
-0.068128
-0.053757
0.077399
-0.087766
-0.043017
0.030256
0.214450
0.165538
0.026027
0.063982
-0.047845
0.101261
0.211988
0.060516
-0.038835
-0.035576
0.052922
0.177991
0.203462
-0.042560
0.164363
0.105486
-0.084361
0.013260
0.120507
0.101864
-0.086079
-0.078555
0.114860
0.025766
-0.141927
0.133232
-0.128539
0.015322
0.190690
-0.128792
0.033647
-0.229269
-0.078334
0.044386
0.010161
0.070238
-0.011855
0.035424
-0.016181
0.088615
-0.054279
0.054379
-0.091877
-0.132970
0.112591
0.079703
-0.026052
0.043465
-0.012696
-0.138659
0.068860
0.010540
0.213237
-0.064551
0.039766
-0.065631
-0.057909
-0.089239
-0.146414
0.094658
0.059301
0.037217
-0.085555
0.175697
0.162673
-0.028824
0.233112
-0.052898
0.045383
-0.089005
0.207780
0.012342
0.007536
0.057799
-0.115435
0.264593
0.031766
0.218001
-0.091082
-0.013279
0.032513
-0.076302
-0.025394
-0.120484
-0.067047
-0.068839
-0.001860
0.070989
0.121664
0.091943
-0.050762
0.022899
0.137930
0.134457
0.130348
0.008634
-0.147407
-0.022354
0.001388
0.192215
0.046020
-0.121482
0.113217
0.033830
0.189788
-0.106862
-0.059681
0.089693
0.010818
0.155325
0.012435
0.024999
0.064425
-0.114154
0.079508
-0.056294
-0.043707
-0.016654
-0.019238
0.086975
-0.090588
0.125043
0.087144
0.033466
0.037513
0.040971
-0.081028
-0.042231
-0.009569
-0.029643
0.016410
0.006775
0.064560
-0.022061
-0.133763
-0.034884
-0.133961
0.015912
0.089844
-0.067028
0.094987
0.066607
0.182469
-0.018199
-0.020357
0.036634
-0.056965
0.106616
-0.024005
0.026671
0.083558
-0.103315
-0.059981
0.074760
0.062756
0.088931
0.078973
0.079977
0.012545
-0.011686
-0.113226
-0.032127
0.092244
0.036533
0.111746
0.014233
-0.026297
0.024558
0.013430
0.067458
0.005168
0.096616
-0.088169
-0.049450
-0.116093
-0.074580
-0.110378
-0.061205
-0.000024
0.049929
-0.146521
-0.072126
0.031110
-0.086206
0.150504
0.101002
0.048787
-0.047241
-0.005330
-0.078167
-0.108215
0.010115
-0.033738
0.073332
-0.053972
-0.020332
-0.041213
0.180049
0.089429
0.037961
0.053747
0.008015
0.074305
0.055512
-0.017819
-0.102368
0.057069
0.048952
-0.030909
-0.041136
0.100724
0.107491
0.060389
0.141389
0.069014
0.033608
-0.181704
0.070236
0.150020
0.207125
-0.019204
0.029084
0.121039
0.132667
0.133296
0.082917
0.077418
-0.064335
-0.074669
0.103691
0.013178
-0.035726
-0.019956
-0.064954
-0.005675
0.027661
0.083272
-0.027484
0.084679
-0.068920
0.049847
0.059844
-0.031802
0.113639
0.075302
0.108182
-0.010736
-0.004041
-0.019355
-0.046558
0.027713
0.038888
-0.077387
0.091051
-0.020182
0.026628
0.047400
0.067659
0.055355
0.071622
-0.050540
0.033793
0.146022
-0.020991
0.118250
-0.076964
0.019360
0.019277
0.014287
-0.008556
0.077965
0.050247
-0.040469
0.091199
0.063632
0.101170
0.005070
-0.080107
0.058054
-0.012260
-0.028784
-0.033021
0.045728
0.148846
-0.124429
-0.154063
0.040547
-0.088399
0.040808
0.131025
-0.072239
0.080581
-0.052168
0.043311
0.073277
-0.127434
0.076965
0.077152
-0.012929
0.042338
0.101724
0.024035
-0.022858
-0.071863
-0.024995
0.170307
0.035923
0.037847
0.010547
-0.120482
-0.012955
0.056918
-0.018882
-0.053830
-0.009466
-0.135579
0.132185
0.003864
-0.074753
0.070351
0.012449
0.064484
0.081083
0.052222
-0.011808
-0.034303
0.000477
0.012456
-0.089284
-0.007546
-0.075648
-0.014534
-0.012362
-0.019742
0.031171
-0.044013
-0.100898
-0.080646
-0.020306
0.055423
-0.078025
0.073834
0.031083
-0.063399
0.023479
-0.061802
0.026940
-0.035628
0.061137
-0.051099
-0.056828
-0.040966
-0.045555
-0.170912
0.139064
0.060441
0.041734
0.001654
0.096835
-0.036575
0.011173
-0.104104
-0.003819
-0.128137
0.066727
0.022512
-0.043478
0.059670
0.140131
-0.047618
0.145505
-0.017227
-0.047535
0.079061
-0.043542
0.074197
-0.156904
0.035874
0.042612
0.153172
0.046249
0.189457
0.016213
0.019696
-0.178620
0.005003
0.027776
0.003319
0.107594
-0.170981
0.024198
-0.124152
0.048163
0.002310
-0.067707
-0.020023
0.049781
0.014665
-0.095121
-0.047526
0.053577
-0.095246
0.003257
-0.031925
-0.028327
0.165093
-0.074402
0.130506
0.080349
-0.052244
0.014358
-0.072394
0.033546
-0.039083
-0.087033
-0.061024
0.071829
-0.033702
-0.014822
0.096252
0.029537
-0.037834
0.032244
0.169936
0.126352
-0.152441
0.055455
0.020872
-0.051709
0.103495
-0.015986
-0.146379
-0.053265
-0.000408
-0.146409
-0.018041
0.025140
0.080496
-0.016732
-0.163726
0.093255
0.048800
0.057036
0.058307
-0.019061
-0.083890
0.032208
-0.139848
0.089370
0.097343
0.044494
0.067475
-0.078370
0.102648
0.058335
0.189159
0.042115
0.016561
-0.060390
0.173053
0.234733
-0.109169
0.050081
-0.092355
0.093683
-0.091778
-0.056597
0.017013
-0.032189
0.168401
0.001325
0.014693
0.157164
0.126602
0.171138
0.042663
-0.032052
-0.079887
0.032505
-0.116484
0.064359
-0.119185
-0.020495
-0.113436
0.019856
0.241775
-0.054426
0.076257
-0.154722
-0.112581
-0.013907
0.048269
0.042362
0.004295
0.138886
-0.036924
0.000292
0.018713
0.051363
0.100626
-0.091878
0.005050
0.085147
-0.082102
-0.192222
0.057523
-0.113462
0.143793
0.060493
-0.009417
0.078208
-0.040701
-0.042691
0.028151
-0.070323
-0.064168
0.011468
-0.137694
-0.001590
0.088660
0.066307
-0.034142
-0.130524
0.006997
-0.116027
0.096555
-0.078357
0.060815
0.136546
-0.082626
0.021609
0.085466
0.019004
-0.055994
-0.056883
-0.026409
0.059587
0.028888
-0.076140
0.027326
0.143167
0.021706
0.049956
0.015950
0.013948
-0.043903
0.170911
0.017741
-0.152593
0.071694
0.003471
0.049639
-0.070335
0.053548
-0.045729
0.085781
-0.013665
0.015875
-0.018635
0.057206
0.096150
0.019287
-0.011738
0.057873
-0.006897
-0.033003
-0.089934
0.144195
0.032889
-0.088208
-0.073015
0.009699
0.030378
0.103951
0.113225
-0.022315
0.056865
-0.073912
0.133336
0.077724
-0.044750
0.100536
0.011235
-0.047805
-0.069649
-0.044576
0.055055
0.078492
0.098938
-0.011217
-0.054227
0.014278
0.141379
-0.043586
-0.007171
-0.089862
0.019185
0.070638
-0.043739
-0.060722
0.084323
0.025485
-0.052197
-0.117643
-0.051599
0.032450
-0.102309
-0.067581
0.087951
-0.040071
-0.029115
-0.006525
0.139914
-0.047116
-0.167576
0.056474
-0.050591
-0.047330
-0.051290
-0.022549
0.177295
-0.015338
0.104088
-0.048444
-0.166590
0.087163
0.048505
0.099576
-0.042145
-0.070320
0.008386
-0.136963
0.025676
-0.039478
0.000349
-0.058895
-0.032467
0.074041
-0.049866
0.002425
0.036794
-0.068745
0.025221
0.013969
0.077072
-0.010831
0.004248
-0.007004
-0.002895
0.034751
-0.035047
0.121845
-0.079810
0.040968
-0.043409
0.003932
-0.037253
0.006007
-0.096196
0.007420
-0.169652
0.073487
0.012379
-0.021827
0.099411
-0.041012
-0.130548
-0.050587
-0.078490
0.015085
-0.014976
-0.046825
0.082131
0.028907
-0.038413
-0.148059
0.018280
0.150170
0.009918
-0.051823
0.047360
-0.024281
0.083294
-0.087698
0.103892
0.029702
-0.030855
0.061725
-0.131290
0.018899
0.046580
0.136746
0.085332
0.106069
0.145924
0.070291
0.036701
-0.048651
0.065061
0.001460
-0.067020
-0.039007
-0.045969
0.013016
0.021584
0.036896
0.010645
-0.058700
-0.019703
-0.005699
0.078943
-0.062111
-0.096948
-0.055890
-0.021850
-0.059158
0.057374
0.061256
-0.066373
0.084162
-0.107008
-0.073668
0.021926
0.055678
0.127595
0.011986
-0.122803
-0.062988
0.038134
-0.118078
0.020240
-0.007321
-0.026446
0.111377
-0.174857
-0.022725
-0.100902
-0.047965
-0.114456
0.083063
0.089356
0.093676
0.101388
-0.086400
-0.008017
0.042338
-0.098328
-0.073112
-0.089411
0.049094
-0.081466
0.027119
-0.011954
0.016786
-0.014402
0.031311
0.055822
-0.144892
0.000170
0.064415
0.039224
0.004017
0.108155
0.115373
-0.127289
0.037329
-0.041481
-0.000765
-0.024550
0.033961
-0.041681
0.122439
-0.003087
0.098893
-0.087995
0.042280
-0.110823
0.015938
0.077345
0.064439
0.073292
0.092743
-0.021162
0.077380
-0.048173
0.116619
-0.062659
-0.068337
-0.088375
0.112773
-0.158534
0.087776
0.077921
0.034543
-0.091799
-0.170284
-0.020022
0.101379
-0.159988
-0.085554
-0.013342
-0.090048
-0.056132
0.000058
-0.048906
-0.170771
-0.061088
-0.038806
-0.002241
0.024023
0.058484
0.104766
-0.070056
0.136355
0.072179
0.015224
0.134035
0.055058
0.176553
0.104793
0.075611
0.099127
-0.040904
-0.142322
0.062055
-0.098535
-0.113120
0.046067
0.049864
0.012556
0.104269
-0.143277
-0.065693
-0.036904
0.091120
-0.024128
0.059125
-0.063721
-0.012280
0.023930
0.025380
-0.022747
-0.066318
0.143206
0.063967
-0.011209
0.131730
-0.089457
0.018885
-0.024038
-0.000276
-0.052389
0.158238
-0.095314
0.073031
-0.109800
0.105975
-0.086252
-0.030080
-0.011654
0.027331
-0.203039
0.130578
0.078717
0.117562
0.137629
0.146035
-0.052163
0.032463
0.033732
-0.079361
0.140875
-0.100800
0.070152
0.036868
0.041785
-0.085603
-0.110299
-0.062543
0.088028
0.005171
0.027056
-0.050943
0.115087
-0.162203
0.079652
-0.046520
-0.061500
0.004973
0.052419
0.045400
0.150622
0.178690
-0.010995
0.083301
-0.069654
0.082830
-0.075238
0.095123
0.016771
0.065522
-0.000581
0.022702
0.044028
-0.138094
-0.045816
-0.154316
0.046727
0.025841
0.135743
0.065980
0.160872
-0.059093
-0.025105
0.147627
-0.051939
0.088993
0.066717
-0.012136
0.084483
0.010500
-0.040632
-0.011224
-0.138060
0.068352
-0.038241
-0.054613
0.133825
0.083916
0.018114
-0.011712
-0.049691
0.033999
-0.007601
0.106346
-0.076857
0.044869
-0.043250
0.148660
-0.063118
0.041635
0.185594
0.059062
-0.055536
-0.161353
0.010825
-0.050998
-0.000929
0.076925
-0.091375
0.023791
-0.056981
-0.150969
-0.056363
0.055870
0.010406
0.039484
-0.100624
0.051622
-0.041546
0.164952
0.025371
0.129680
0.062632
0.109738
-0.091239
0.130046
0.041629
0.074777
-0.081348
0.026373
-0.010240
-0.074660
0.077998
-0.054078
0.088609
-0.056399
0.054571
0.041231
0.141491
0.099810
0.136969
0.011161
0.072390
-0.046573
0.002360
-0.103001
-0.137715
0.092597
-0.020985
0.026827
0.021487
-0.104820
-0.001288
0.044857
0.022915
0.008220
0.007598
-0.091489
-0.113596
0.157558
0.104072
0.150365
-0.022794
-0.087219
-0.022968
-0.034371
0.012186
-0.033668
0.029033
-0.012736
-0.122130
0.085710
0.055382
0.001434
0.145061
0.006606
-0.057647
0.076184
0.109790
0.041493
0.089180
-0.080915
0.175167
0.111269
-0.063959
0.041755
-0.064406
0.087128
0.055624
0.048135
-0.049836
-0.008005
-0.051837
-0.180514
0.078647
-0.044778
0.162482
0.016033
0.069860
0.127139
0.072797
0.107392
0.103297
0.062592
-0.186881
0.001717
-0.051126
-0.086451
0.126013
-0.054280
0.083677
-0.133815
-0.054717
-0.069604
-0.164258
-0.036463
0.010304
-0.045232
0.089252
0.105301
-0.150080
-0.150564
0.037598
0.056826
-0.000146
-0.062994
0.101185
-0.031280
0.160999
-0.007408
0.084676
0.121089
0.011658
0.116248
-0.064081
0.078457
-0.035556
0.066743
-0.005115
0.130195
-0.102336
0.014206
-0.040092
0.069264
-0.020548
0.040036
0.175543
0.069269
-0.069185
-0.078418
-0.071593
-0.079693
0.096394
0.118879
-0.009596
-0.000240
0.062518
-0.093092
0.146394
-0.135953
-0.178362
-0.096282
0.041519
0.017000
0.018755
0.091275
0.078448
0.046975
0.120968
0.070644
-0.034136
-0.003782
-0.058688
0.041370
-0.080619
0.026646
-0.040070
-0.036641
0.024312
0.089665
-0.021750
-0.177001
0.018584
-0.035803
0.063118
-0.055324
-0.015443
0.074567
0.062353
-0.050349
-0.044523
0.106262
0.035671
0.000699
-0.050195
0.045150
0.012982
0.053597
-0.007409
-0.034351
-0.033855
0.051082
0.035675
-0.087009
-0.052022
0.092372
-0.064225
0.141822
0.009621
0.089039
0.023909
0.050022
-0.023481
0.119014
0.054143
0.055972
-0.077819
0.134069
-0.027091
0.042658
-0.041560
-0.059547
0.020053
-0.085404
-0.045560
0.034442
-0.028988
0.002467
-0.124005
-0.116234
-0.080997
-0.087670
0.019262
0.094767
-0.134355
0.076487
0.073141
0.053531
-0.072356
-0.002529
0.026697
-0.117714
-0.037655
0.098378
-0.005658
0.002290
-0.072784
-0.046907
0.172504
0.050615
0.051540
0.011384
0.050009
-0.054040
-0.069861
0.075949
-0.028028
0.063229
-0.036479
-0.040259
-0.009076
0.007037
-0.142871
-0.026326
0.102694
0.024206
0.024183
-0.028068
0.017754
-0.058589
-0.010696
0.163102
-0.083222
-0.074981
-0.005129
-0.005868
0.073566
-0.027271
-0.105965
0.040769
-0.109617
0.010958
0.063476
-0.071334
0.024547
-0.063525
0.001924
0.010418
0.042176
-0.007950
-0.059824
-0.062955
-0.057512
-0.085571
-0.017896
0.036786
0.007738
-0.119906
0.049518
0.069055
-0.111853
-0.125025
-0.075721
0.076025
0.152101
0.073096
0.113896
-0.004858
-0.047563
0.073031
0.120507
-0.060324
0.043123
-0.096593
-0.070319
-0.048718
-0.077448
-0.041046
-0.037161
-0.070650
-0.032036
-0.082296
0.052335
-0.092447
-0.012299
-0.039117
-0.073830
-0.105385
0.023517
-0.032136
-0.024909
-0.004547
0.125341
0.079461
0.018340
0.022087
0.108194
0.024083
0.089723
-0.065891
0.067280
-0.072784
-0.010556
0.026737
0.008158
0.016919
0.067524
-0.012517
0.050516
-0.070153
0.117599
0.115401
0.122442
0.145907
-0.081964
0.069870
-0.054626
0.081345
0.110302
0.042266
0.015863
0.053179
0.059760
0.009086
-0.063636
-0.045492
-0.055875
0.046557
-0.060103
-0.047848
-0.042613
-0.066459
0.073331
-0.049551
-0.040788
0.042904
0.089799
-0.019790
0.086858
0.106299
0.021595
-0.030770
0.037719
-0.067317
0.019213
0.076469
-0.088484
-0.048133
0.186708
0.064889
0.164381
0.066779
-0.086724
0.021389
0.144915
0.002596
0.013167
-0.029007
-0.095101
-0.145731
0.155442
-0.094213
-0.019592
0.028607
0.021703
0.013527
-0.005357
0.008071
-0.137273
-0.058207
-0.036978
0.014357
-0.011509
0.035776
0.078768
-0.079018
0.143886
0.100416
-0.122048
-0.097469
0.129437
0.140877
-0.172194
0.153336
-0.101517
-0.050905
-0.092461
0.003953
-0.132282
0.085384
-0.003131
0.163888
-0.000547
0.123337
0.133804
-0.023234
-0.080852
-0.155018
0.066498
-0.087465
-0.057060
0.088147
0.118316
-0.055279
0.061234
0.210565
-0.079763
0.102392
-0.160626
-0.023324
-0.034587
0.052121
-0.117538
-0.072389
0.249252
-0.087486
0.019118
-0.000895
0.044273
-0.014466
-0.060050
-0.004211
0.005225
0.026066
0.117175
-0.038216
-0.094278
0.012723
0.041098
-0.078487
0.051697
0.135062
-0.014329
0.011014
0.060870
0.004118
0.079683
-0.185073
-0.012935
-0.062697
-0.074601
0.121826
0.042589
-0.008833
-0.006688
-0.012573
0.001096
0.086340
-0.096363
0.039037
-0.066163
0.133636
-0.072016
-0.071559
-0.023196
-0.022296
0.065198
-0.064801
0.100933
0.039587
-0.056393
0.062044
-0.106138
0.072151
0.032070
0.039897
0.096080
0.032323
-0.001424
0.031087
0.024868
0.004515
0.029127
-0.022251
0.022167
-0.129712
0.104228
-0.038696
0.107174
-0.014924
-0.076155
0.061592
0.008856
-0.065106
0.029278
0.068329
-0.036983
-0.067503
0.033687
-0.046179
-0.050414
0.134171
0.033366
-0.100468
0.079083
0.090266
-0.038224
-0.088839
-0.028905
-0.087677
-0.125449
-0.071898
-0.027624
-0.070068
0.211479
-0.043103
0.247148
0.167543
-0.090875
0.071023
0.001500
-0.022891
0.035972
0.044102
-0.148975
-0.081816
-0.029709
-0.056901
0.044713
-0.110323
-0.045000
0.031923
0.075246
0.030506
-0.165864
0.031069
0.049564
-0.003399
0.002452
0.045799
0.008084
0.068166
0.111772
-0.106915
0.047783
-0.049482
0.109680
0.052823
0.015805
0.040001
0.043480
0.054593
0.086048
0.070121
0.052281
0.114903
0.009067
0.107641
-0.011293
0.024714
-0.031312
-0.108588
0.088188
0.116659
0.202519
0.051174
0.076071
-0.015767
0.017473
0.050411
0.040220
0.048843
-0.130754
0.043769
-0.114091
-0.007846
0.057500
-0.036087
0.089500
-0.112393
0.048160
0.124859
0.126665
0.160554
-0.080494
0.084651
-0.050404
0.025140
0.081482
0.022593
0.063108
0.119648
-0.095303
0.099847
-0.063564
0.117513
-0.058430
0.203104
-0.192319
0.089833
-0.029624
0.125005
-0.001934
-0.106081
0.148791
-0.196623
-0.099686
-0.130109
-0.063759
0.093513
-0.108645
0.094191
0.044861
-0.048988
-0.071904
0.036238
-0.054244
-0.019426
-0.091531
-0.014496
-0.102060
0.007766
0.147099
0.064162
0.136716
-0.026775
-0.120942
-0.024210
0.042810
-0.024976
0.008976
-0.003405
0.137232
-0.073387
0.122389
-0.038061
0.196004
0.075071
0.117464
-0.046272
0.073685
-0.080133
0.023304
0.043032
-0.185676
-0.086090
0.034106
0.033836
-0.027294
0.027917
0.076083
-0.057900
0.065434
0.064212
0.076246
-0.004792
-0.070891
-0.150045
-0.015256
0.004460
0.075448
-0.055982
0.140144
-0.148476
-0.047527
-0.075283
0.100090
-0.090770
-0.111955
0.158951
-0.037517
-0.004577
0.070695
0.023478
-0.092392
0.064722
-0.154820
-0.003292
0.029187
-0.014642
-0.108410
0.056887
0.073632
0.123680
-0.030638
0.150054
-0.035957
0.080116
-0.045695
0.127911
0.008015
0.040662
-0.191531
0.118731
0.026823
0.084775
-0.043159
-0.038968
0.089260
0.065629
0.019322
-0.124853
0.048703
0.202876
0.083460
-0.061055
-0.120130
0.079656
-0.102179
0.036988
-0.040674
-0.018124
-0.069427
0.084277
0.063416
-0.034081
0.076226
-0.000948
0.026912
0.041708
0.076937
-0.105635
-0.036021
-0.036833
-0.006285
0.007603
0.002652
0.051586
0.135775
0.067030
-0.080174
-0.094312
-0.072291
-0.014379
0.035793
-0.013206
-0.068567
0.093576
-0.033925
0.083246
-0.046754
0.050659
-0.001431
0.006141
0.051033
0.073977
-0.112421
-0.092256
-0.000608
0.011055
-0.124178
-0.015619
-0.034797
-0.102654
0.072124
-0.090804
0.045022
-0.014821
0.037876
-0.025470
0.059717
-0.067975
-0.019041
-0.067224
0.015667
-0.038880
0.014176
-0.005750
0.084550
-0.064513
0.031932
-0.049748
-0.016949
0.084022
0.066897
0.038041
-0.066633
-0.008661
-0.061372
0.012636
0.078899
0.077333
0.042841
-0.040988
0.092276
-0.101676
0.103694
-0.048706
0.035595
0.046501
-0.018996
-0.055075
-0.081034
-0.004583
-0.066430
-0.022129
-0.075335
0.121835
0.046549
-0.039072
0.067425
-0.019512
0.134118
0.105267
-0.039505
0.082240
0.036812
0.104400
0.055577
-0.023377
-0.025548
-0.043964
-0.066734
-0.005619
-0.049159
0.030615
0.078890
-0.046868
0.119363
0.062186
0.104498
-0.127041
-0.051672
0.051099
-0.002661
-0.085897
-0.030029
0.063156
-0.019968
-0.009827
0.116847
-0.081978
-0.135125
0.065131
0.160940
0.055565
-0.159952
-0.050695
-0.079661
0.090599
-0.014848
0.154818
-0.171662
0.048585
-0.019686
0.057517
-0.050565
-0.019704
0.004701
0.066671
-0.094402
0.052712
-0.071919
-0.015108
-0.056046
0.007164
0.126361
-0.050623
-0.033039
0.062514
0.027988
-0.084268
0.134044
0.136613
-0.010637
0.039763
0.033253
-0.006433
0.021654
-0.047862
0.052633
-0.098202
0.095631
0.080928
0.081536
-0.078093
0.079841
-0.027446
0.093912
-0.026479
0.155456
-0.147226
0.012202
-0.028639
-0.130549
-0.131024
-0.066432
-0.059064
-0.079291
0.078062
0.035233
-0.029717
-0.060940
-0.123441
0.094812
0.083698
0.041581
-0.151133
0.008611
0.043536
-0.031752
0.042850
0.095499
0.097290
0.005445
0.019378
-0.025982
-0.020147
0.038928
0.016493
-0.077857
0.026854
0.060551
-0.057644
-0.088340
-0.080235
0.195889
-0.030477
-0.016099
0.112100
0.087628
0.049821
0.062899
0.004866
0.010539
-0.069756
-0.045801
0.163933
0.068260
-0.030355
0.075681
0.045288
0.058457
0.087811
0.015422
-0.044007
0.013620
0.084045
0.042863
0.087487
-0.011760
-0.165877
-0.047856
-0.020911
0.010468
-0.012608
0.008663
-0.079666
-0.032710
0.100683
-0.155104
0.072041
0.006539
0.086643
0.015924
0.034226
0.111738
0.006737
-0.094117
-0.027559
0.009904
0.047442
0.046049
0.056797
0.043782
-0.097349
0.037629
-0.008624
0.067300
0.029467
0.098697
0.094228
0.009237
-0.077410
0.060613
0.004243
0.034106
-0.027717
-0.059918
0.041417
-0.072713
-0.056515
0.055630
-0.057480
0.021516
-0.064806
-0.042670
-0.059579
-0.010939
-0.138285
0.048543
0.001304
0.023945
0.011325
0.117180
0.026348
0.063446
-0.016544
-0.095818
0.056789
-0.013854
0.011021
0.065736
0.014767
-0.071866
-0.020523
0.057406
-0.033105
0.028214
0.070267
0.033724
0.075501
0.040068
0.130678
-0.052129
0.033919
-0.020427
0.056997
-0.049907
-0.005523
-0.028359
-0.034904
-0.074986
-0.053493
-0.021822
0.073275
0.062693
-0.110184
-0.087056
0.054043
-0.016093
-0.074803
0.005214
-0.079900
0.045532
-0.034621
0.010131
0.015376
0.082655
0.090069
0.017297
0.037279
0.019728
0.033047
-0.005215
0.033706
0.086842
-0.017042
0.112283
0.076828
-0.038314
-0.005631
-0.041698
0.000677
-0.115629
0.088439
0.084202
-0.048918
0.132009
0.026613
0.065641
0.165197
0.015758
0.076143
-0.005961
0.054731
-0.092302
0.069998
0.076684
0.003875
-0.020228
0.095968
-0.035516
-0.083228
0.046252
0.026934
-0.027377
-0.048521
0.085430
-0.030825
0.080565
-0.027315
0.063458
0.040065
-0.001571
-0.098434
-0.034125
0.087620
-0.088602
0.153535
-0.014497
0.078950
-0.041719
-0.043819
-0.055175
0.007852
0.046229
0.128949
-0.010103
0.022893
-0.081742
-0.018036
-0.023278
-0.064995
-0.076628
0.036857
0.124936
-0.021845
0.012493
-0.040351
0.022123
-0.062090
-0.043144
-0.070187
-0.068514
0.034088
-0.018469
0.056220
-0.044069
0.129600
-0.087597
0.144941
0.119220
0.137169
0.143981
-0.006278
-0.069439
0.039287
0.052383
-0.091527
-0.060070
-0.029433
0.076920
0.184558
-0.027955
0.057526
0.029879
0.162227
0.110004
0.126959
0.082124
-0.033976
0.186326
0.096032
-0.010221
0.097812
0.060427
0.040299
0.142156
-0.052103
-0.037014
0.025427
0.022876
-0.087470
0.003728
0.045522
-0.030731
-0.124952
0.191315
-0.004419
0.160602
0.014661
-0.009017
0.085507
0.008021
0.088935
0.022979
-0.073128
0.162773
-0.037615
-0.026903
-0.048928
0.097797
0.117920
0.043522
-0.045084
0.060112
0.049706
0.091486
0.038150
0.001754
0.018416
0.073134
-0.052622
-0.082981
0.042433
0.048118
0.008064
-0.094790
-0.059422
0.028555
-0.077233
-0.007768
0.091998
-0.064536
0.003955
-0.079639
-0.027170
-0.019714
-0.033892
-0.138975
-0.063564
0.062463
0.074818
-0.003362
0.092361
0.136744
-0.002255
-0.007697
0.041814
-0.149291
0.065930
0.087813
0.097231
-0.031407
0.012333
-0.024014
-0.013056
0.144152
0.044590
0.124094
-0.094161
0.031550
0.050753
0.035354
0.085697
0.107321
-0.048935
0.005171
-0.001572
-0.066847
0.024222
0.000050
-0.002723
-0.099563
-0.011222
0.037124
-0.049025
-0.009829
-0.057783
0.073508
0.040083
-0.060399
0.010715
-0.051419
0.026413
-0.017609
0.001932
-0.015562
0.063859
-0.075256
0.033260
-0.076667
0.071270
0.104385
-0.097462
0.050681
-0.000499
-0.017371
0.019122
0.081079
0.059523
0.026813
0.175912
0.024852
0.034958
-0.055949
0.031084
0.078426
0.028902
0.051880
-0.061693
-0.089171
0.070246
0.063145
-0.018460
0.007770
-0.034579
-0.036766
0.076626
-0.004166
-0.119760
0.065277
-0.017728
0.060054
0.011610
-0.053292
0.053110
-0.058333
-0.120294
-0.029746
-0.102829
0.026495
-0.053470
0.074774
-0.019202
-0.060836
-0.037729
-0.035890
0.022441
0.108055
-0.051470
-0.071492
0.018003
0.016963
0.053812
-0.052966
0.060115
-0.061250
0.005452
-0.038950
-0.074806
0.077206
0.015058
-0.000465
-0.055738
0.016192
0.036776
-0.084904
-0.059514
-0.031203
0.041772
-0.069684
0.105015
0.063396
0.126472
-0.025532
0.044128
0.067851
-0.005039
-0.056889
-0.037242
-0.016632
0.027998
0.001682
-0.018736
0.023428
-0.041633
-0.072090
-0.014647
0.005560
-0.053833
0.041579
0.044197
0.035148
0.041437
-0.018548
0.002613
0.040139
-0.012418
0.008124
-0.141010
-0.068235
-0.009009
-0.011674
-0.067033
-0.054338
0.001497
0.071222
-0.075707
-0.081789
0.059576
0.000812
0.061810
-0.033837
0.076992
0.017010
-0.048416
0.027203
-0.001732
0.060056
0.075146
0.057727
-0.067473
-0.028624
0.111191
0.010186
0.011115
0.047357
0.058107
0.005517
-0.049866
-0.021256
0.130921
0.047031
-0.001846
-0.052052
0.105705
0.076094
0.016436
0.009727
0.028051
-0.013243
-0.049197
-0.022736
0.005606
-0.077986
0.078170
-0.011549
-0.093569
-0.021175
-0.096394
0.025095
-0.060256
0.079283
-0.032326
0.016422
0.017656
-0.098029
-0.093369
-0.039115
-0.012682
0.017566
-0.073953
-0.067464
0.010991
-0.041113
-0.040795
0.031875
0.072068
-0.018450
-0.115643
-0.104630
-0.002960
-0.082462
-0.060711
-0.077152
-0.007344
-0.019438
0.017149
0.095915
0.049094
0.090254
-0.100739
-0.048871
0.066747
-0.045815
0.025888
0.144902
0.080747
-0.008074
0.041131
0.014623
0.082860
0.060077
-0.157866
-0.034532
0.037541
-0.073461
-0.018784
0.166216
-0.032983
0.061803
0.128585
0.000002
0.028475
0.057102
-0.007732
0.063112
0.028950
0.069913
-0.111358
-0.005968
0.116743
0.002843
-0.042918
0.008908
0.122065
0.006021
0.109435
-0.078355
0.155316
-0.098669
0.140864
-0.056067
-0.035422
-0.155209
0.054102
0.108225
-0.014887
-0.037883
-0.031405
-0.041721
-0.105820
0.006222
-0.014714
0.074812
0.063258
0.000139
-0.011283
0.087032
0.013779
0.078029
-0.013573
0.121192
0.003625
-0.044644
-0.018347
0.033816
-0.093274
-0.004296
-0.047889
0.099973
-0.045907
0.095642
-0.092204
-0.101140
-0.018339
-0.059551
-0.086605
-0.017119
0.027994
0.025851
-0.109785
-0.166617
0.008502
-0.135556
0.083198
0.024144
-0.048206
-0.002856
-0.060986
-0.117246
-0.096137
-0.058812
-0.077497
0.018433
-0.127035
0.048670
-0.036834
0.019104
0.007647
0.044248
0.090262
-0.041145
0.087662
0.089960
-0.136063
-0.042324
0.079561
0.105395
-0.023721
-0.051106
-0.151243
0.072202
-0.022099
-0.005732
0.024577
0.024212
0.087548
-0.023923
-0.013066
-0.044758
0.130824
0.079412
-0.036087
0.115604
-0.018013
0.059005
0.008244
-0.164463
-0.125710
-0.034863
0.158029
0.070024
0.089030
0.035361
-0.050498
0.175905
-0.149772
-0.050764
-0.057374
0.079056
0.134233
-0.049135
0.024169
-0.109434
0.098969
0.064180
-0.075789
0.107375
-0.014378
0.006329
-0.071342
-0.026710
-0.032730
-0.059652
-0.067701
0.079467
0.015476
0.063018
-0.016762
0.032582
-0.058418
-0.012615
-0.000024
0.053268
0.108691
0.091553
-0.028285
-0.120939
0.036937
-0.004592
0.034252
0.007159
0.132843
-0.001771
-0.066104
0.097711
0.122266
-0.024729
-0.053516
0.064897
-0.046627
0.015501
0.148188
-0.009905
0.060260
-0.084768
-0.002119
-0.009810
-0.058498
-0.061231
-0.018983
-0.001129
0.093814
0.000381
0.134219
0.043724
0.077112
0.038678
0.038128
-0.066171
-0.056581
0.033035
-0.069357
-0.000382
0.065516
0.000401
-0.023089
-0.095166
-0.033081
0.036338
0.003322
-0.022196
-0.016007
0.011129
-0.090728
-0.086996
0.017607
0.105899
-0.003783
-0.050670
-0.052139
0.036222
-0.009920
-0.022666
-0.061571
-0.034971
-0.039103
0.192461
0.103003
0.047082
0.153948
-0.011093
0.053687
-0.018319
0.080374
-0.017930
0.017192
-0.038471
0.007846
0.032169
-0.083842
-0.022920
-0.033220
-0.050155
-0.056970
-0.027472
-0.107675
-0.049278
0.040753
0.064386
-0.069040
-0.065501
0.052326
0.051384
-0.035259
-0.062262
-0.003064
0.042439
0.008476
0.080365
0.051431
0.023690
0.093789
0.049249
-0.029636
-0.028077
0.012965
0.087800
-0.065500
0.065701
0.040556
-0.097043
0.053289
-0.102862
0.016317
-0.052911
0.065835
-0.056587
0.092909
-0.030995
-0.098801
-0.035099
-0.038994
0.015259
-0.074048
-0.016577
0.029361
-0.065562
-0.046591
-0.025500
0.026699
0.095149
-0.011472
-0.029292
0.006668
0.025374
0.008954
-0.026448
0.067147
-0.064789
-0.035544
0.064566
0.032660
0.078620
-0.021760
0.079054
-0.048537
0.017366
0.072512
-0.004997
-0.040717
-0.096304
-0.025744
-0.047912
-0.050115
-0.016051
0.021246
-0.087472
0.008937
-0.048687
-0.089250
0.082281
-0.031697
0.016933
0.061869
0.004925
0.011533
-0.031874
-0.104829
0.013704
0.027937
0.072050
-0.068280
-0.068970
-0.097868
0.049470
-0.007786
-0.049362
0.059208
0.004374
0.064480
0.022737
0.072586
-0.007145
0.008749
-0.052825
0.040275
-0.057327
0.037016
-0.047490
-0.076259
-0.006209
-0.035843
0.098211
-0.086995
0.040174
-0.067952
0.028420
-0.077483
-0.070683
-0.025495
0.039734
-0.051641
-0.038367
0.004179
-0.033949
0.132128
-0.072906
-0.013452
-0.092322
-0.044420
0.030864
0.069912
0.135565
-0.035512
-0.113921
-0.074312
0.020585
0.060133
0.055700
0.137331
-0.009176
0.249217
0.125108
-0.048634
-0.008723
0.015137
-0.013847
0.126850
0.062302
0.031132
-0.005812
0.070613
0.177970
0.165844
-0.067899
-0.034361
0.049716
-0.068993
-0.016204
0.087466
0.118558
-0.051141
0.159738
0.164444
-0.052274
-0.002602
-0.125697
-0.005292
-0.006624
0.077718
0.010126
0.196627
0.074844
0.079408
-0.019697
-0.014041
-0.080139
0.056235
-0.070574
0.017178
0.063676
0.077074
0.067973
0.027434
-0.040537
0.000390
-0.021107
0.085118
-0.155827
0.159817
-0.008449
0.024589
-0.102606
0.064930
-0.067014
0.038088
0.069380
-0.078675
-0.087387
0.041033
0.065108
0.063082
-0.085714
0.135300
-0.173446
-0.052266
-0.056600
0.096402
0.016397
-0.062561
0.316925
0.067778
0.051848
-0.133544
-0.107236
0.114489
0.043436
0.191760
0.051264
0.019495
0.085883
0.041195
-0.050797
-0.004256
-0.139535
-0.099126
0.054746
0.132652
0.170794
0.024557
0.000153
0.013737
-0.076365
-0.018396
-0.032588
-0.012206
0.010097
-0.035349
-0.015282
0.108964
-0.086769
0.068572
0.025258
0.043958
-0.011032
0.031681
0.027009
-0.016032
-0.046366
-0.139181
0.060078
-0.001529
0.026412
0.011014
0.015650
-0.005878
-0.138369
0.036035
-0.033193
0.146499
0.071652
-0.068335
-0.192311
-0.067198
0.110528
-0.058053
0.082413
-0.125931
-0.029004
-0.022246
0.139977
0.067211
0.001427
0.029881
-0.007218
0.035889
0.010690
-0.075932
-0.069077
-0.058700
-0.137292
-0.101431
-0.020956
-0.004424
0.120058
-0.005697
0.031492
0.137644
0.184214
0.083829
-0.000155
0.023027
0.049757
0.141912
0.073262
0.078670
0.080402
0.068348
0.084829
-0.036398
0.051421
-0.150001
0.030937
-0.012417
0.112838
0.034925
0.125638
0.054307
-0.042702
-0.024210
0.034019
0.101465
0.158738
-0.036044
0.023250
0.021860
-0.061966
-0.036981
-0.113546
0.053659
-0.105645
-0.028279
0.000487
-0.054980
-0.067869
0.087356
-0.023860
0.079711
-0.001292
0.038879
-0.056738
0.066117
0.007221
-0.091328
-0.046239
0.013022
-0.052085
0.033026
0.005620
0.051573
-0.068059
-0.028005
0.070097
-0.078762
0.026360
-0.070167
0.041408
-0.145906
-0.097113
0.090401
0.018632
-0.030855
0.008356
0.077961
0.075899
-0.007536
0.049380
0.013819
0.065847
0.014314
-0.016075
-0.089156
-0.078524
-0.110582
0.098391
0.122107
-0.041686
0.068862
-0.079058
0.082917
-0.076389
-0.051160
0.078677
0.024558
-0.067297
0.005492
0.102676
-0.020792
-0.084762
0.102572
-0.066083
0.017448
0.029629
-0.081342
-0.057822
-0.032726
-0.079506
0.047757
-0.003089
0.106004
0.004043
-0.050687
0.114939
0.058131
-0.046626
0.040588
0.071117
0.030438
-0.069558
0.197613
0.076577
0.065059
-0.041982
-0.037955
-0.065251
0.001167
0.002925
-0.031261
-0.032650
-0.020646
0.112428
0.065245
0.065258
-0.024393
0.013342
-0.100483
0.007941
-0.007417
0.072215
0.002307
-0.038076
0.095606
0.014918
0.053792
0.041784
-0.070138
-0.052479
0.017614
-0.060465
-0.070979
0.069420
-0.071445
-0.006670
-0.071942
0.025548
-0.063105
-0.019523
-0.101584
0.010223
-0.043723
-0.006990
-0.014164
0.007021
0.063887
-0.045962
0.087492
0.034325
0.064662
-0.088087
-0.114677
0.075185
0.018244
-0.051774
0.017352
0.115251
-0.040807
-0.045989
0.127292
0.118984
-0.003142
0.101753
0.062411
0.096942
-0.043874
-0.088438
-0.007444
-0.080634
0.120293
0.061338
-0.047475
0.004541
0.002052
0.035641
0.082566
0.024044
-0.053222
0.002782
0.039658
0.138413
-0.006154
-0.017028
-0.017913
0.043920
0.061407
-0.028326
-0.094995
0.101350
0.118722
-0.009973
-0.038447
-0.069201
0.104902
-0.027824
0.010294
0.007283
0.050013
-0.060670
-0.037564
0.047771
-0.076004
0.090404
-0.101865
-0.085555
-0.021259
0.029659
-0.079730
0.055590
0.014252
-0.081825
-0.100928
0.106537
-0.089225
-0.167757
0.040490
-0.010131
0.061751
0.047693
0.030525
-0.005796
-0.060250
-0.056471
0.102550
-0.067008
0.002964
0.047183
0.148002
0.100595
0.012350
0.080567
0.080489
0.061910
-0.154266
0.088859
-0.025743
0.051972
0.017469
0.072768
0.082330
-0.066544
0.020962
0.036430
-0.110868
0.039745
-0.006463
0.028575
-0.122732
0.073251
0.017512
-0.061361
-0.040733
-0.037820
-0.104914
-0.003391
-0.019655
0.053678
-0.147277
-0.006482
-0.016404
0.031361
0.069325
-0.098978
-0.023224
-0.015997
-0.041344
0.043568
0.042317
0.100717
0.145718
0.075934
-0.086215
-0.036006
0.025375
-0.051187
0.052863
-0.081523
-0.102560
0.097422
0.050544
0.040843
-0.106901
-0.051935
-0.047289
0.021586
0.075590
-0.147187
0.108109
-0.055343
-0.040726
0.067381
0.002319
0.066176
-0.027182
0.074265
-0.054009
0.006906
-0.004021
0.001733
0.094618
0.101318
-0.092406
-0.133401
-0.034478
-0.132016
0.114340
-0.130498
0.014596
-0.078919
0.022079
0.048950
-0.229469
-0.138654
-0.157308
-0.023667
-0.146983
0.011691
0.281175
0.089192
-0.061420
0.086895
-0.038129
0.046136
0.061213
-0.133569
-0.109133
0.117968
-0.064183
0.186994
0.029605
0.040904
-0.087568
-0.076069
0.082424
-0.213177
0.109458
0.133248
0.161500
0.000901
0.068585
0.169140
-0.062441
0.110159
0.056016
0.068015
0.076068
0.113648
-0.102024
0.074249
-0.107899
0.029394
-0.053498
0.051274
-0.067112
0.047242
0.053785
0.086524
-0.013158
0.099472
0.063415
-0.088785
0.059116
0.035037
-0.083764
0.001777
-0.136536
0.193797
-0.042993
0.168940
0.078473
0.187252
0.070393
-0.191816
0.030217
0.044663
-0.068030
-0.002171
0.028244
0.064670
0.025877
0.083003
0.102427
-0.098342
0.074685
-0.118805
-0.093663
0.126407
-0.081260
0.031177
-0.080609
0.006753
0.071760
-0.044653
0.223907
0.010123
0.085143
-0.004817
0.059683
-0.090548
-0.122300
-0.134808
0.042656
0.008539
-0.010327
-0.007901
0.078781
-0.084414
0.004588
-0.022699
-0.132886
0.040766
-0.090754
-0.076150
-0.016792
-0.028781
-0.053217
0.057829
0.103849
0.174939
0.131849
0.056858
-0.072824
-0.191086
0.095623
0.068027
0.143052
-0.009164
-0.070153
0.062279
-0.048689
0.097445
-0.108377
0.084470
-0.052695
-0.007919
-0.075953
-0.044739
0.134258
-0.028125
-0.029328
-0.025274
-0.078031
0.040411
-0.102174
-0.110883
0.050021
-0.053624
0.042366
-0.057177
0.083840
-0.070887
-0.028557
-0.137794
0.040384
0.008090
0.056412
0.060659
-0.040480
0.029194
-0.048739
-0.112755
-0.079348
0.010151
0.046934
0.083031
-0.043572
-0.050350
-0.044064
0.051078
0.046887
0.163378
0.151137
0.034703
-0.057992
0.075305
0.074372
-0.043571
-0.071076
-0.046281
0.015704
0.076310
0.020113
-0.099619
-0.141658
-0.043461
0.095662
0.082937
0.130154
0.059153
0.069399
0.191978
-0.132213
-0.041488
-0.106582
0.031754
0.056037
0.131225
0.009679
0.024593
0.015215
-0.006890
-0.053410
-0.045680
0.122763
-0.023223
-0.189750
0.168795
-0.004184
0.021682
0.015338
0.134749
0.066514
-0.004346
0.142062
0.081818
0.073763
0.099018
0.015387
-0.114071
0.049168
-0.066893
-0.036326
-0.059711
-0.050964
-0.066266
0.025655
0.066855
-0.004032
-0.058663
-0.043317
0.071154
-0.053238
-0.070971
-0.037540
0.060113
0.020743
-0.038933
0.031947
0.008224
-0.061689
-0.026090
-0.071259
-0.116817
0.138896
0.044665
0.090012
0.043788
-0.180363
0.110302
-0.117467
0.076843
0.207416
0.101458
0.101853
0.078910
0.054752
-0.073207
0.052460
-0.037308
-0.109046
0.037194
0.088739
0.110372
0.076735
0.064884
0.006754
-0.000510
0.033612
-0.001821
0.121900
-0.095385
-0.053298
0.014864
0.071787
-0.111301
-0.043712
0.078840
0.183175
-0.006409
0.013154
-0.104047
-0.105861
-0.009697
-0.040450
-0.049113
0.124199
-0.089441
0.062880
-0.072963
0.147434
0.055018
0.214566
0.116256
0.124856
-0.047639
0.111037
0.006176
-0.032660
-0.080631
0.034432
0.005318
-0.011124
-0.073274
0.078513
-0.045786
0.030625
0.192886
0.091480
-0.011218
-0.070717
-0.023867
0.195744
0.074750
0.060567
-0.187717
0.110749
0.181667
-0.097557
0.069031
-0.114080
0.009239
-0.056453
0.150006
0.021983
-0.040465
0.159477
0.048487
-0.000736
0.047216
-0.086814
-0.063770
-0.097524
0.108660
0.066415
0.010092
-0.119375
-0.093930
0.062390
0.038906
0.013407
0.051955
-0.088149
0.078644
0.112421
-0.012231
0.039117
0.030947
0.109032
0.092335
0.145190
0.083786
0.080208
0.043046
0.013004
-0.045467
-0.040636
-0.029202
0.036641
-0.037830
0.077559
0.086824
0.091580
0.101575
-0.068486
-0.143045
0.027055
0.002810
0.082239
-0.128075
-0.063705
0.107784
-0.088272
-0.068377
-0.068864
-0.056984
0.084665
-0.081998
-0.043549
0.006310
0.053767
0.055128
0.127921
-0.049898
-0.112402
-0.035530
-0.049064
0.143107
-0.057955
0.050827
0.008999
-0.052863
-0.038688
0.076882
-0.028260
0.062093
0.094538
-0.137178
-0.048683
0.134659
0.066194
0.138728
0.030423
-0.153378
-0.090623
-0.086470
0.057394
0.155313
-0.012270
-0.083556
-0.019096
0.106575
-0.151212
-0.023347
-0.147592
0.056786
0.004886
0.051338
0.084344
0.055620
-0.037607
0.018440
0.061854
0.054092
-0.157467
-0.067886
0.006577
0.011738
-0.184449
0.081798
0.034346
0.001277
-0.145959
0.011283
0.062979
0.116524
-0.057858
0.070645
0.085171
0.009298
0.045617
0.055412
0.047866
-0.012599
0.033212
-0.038854
-0.144492
0.053933
0.076213
0.115179
-0.033352
-0.093133
-0.063630
0.022298
-0.054567
-0.040565
-0.145893
0.006366
-0.095037
-0.055772
-0.098163
-0.122512
0.054751
-0.058987
-0.112653
-0.033635
0.055624
-0.044579
-0.023956
0.072331
0.012064
-0.116061
0.037033
0.015618
-0.012320
-0.095117
0.036361
0.143331
0.106323
0.126372
0.068893
0.081967
0.041060
0.142935
0.154428
0.074011
0.111395
0.046567
0.008123
0.088611
0.133808
-0.035537
-0.088507
0.013370
-0.073757
0.015294
-0.043185
-0.017813
-0.027142
-0.035510
0.154075
-0.034545
-0.063255
0.038751
-0.059395
0.061807
0.077895
-0.105027
0.069795
-0.024323
-0.109952
0.012818
-0.118402
0.074525
0.001497
0.174419
-0.087200
-0.059092
-0.093280
0.138755
0.105715
0.094061
-0.016886
0.107534
-0.112606
0.080400
-0.077223
0.004718
0.011771
-0.129652
0.119306
0.065070
0.050325
0.022166
-0.016850
0.081895
-0.087598
-0.025386
-0.051391
0.026303
-0.060964
0.012139
0.211413
0.109865
0.028181
-0.063000
-0.020418
-0.064055
0.101807
0.092865
0.008204
0.067966
-0.171004
-0.042487
-0.021018
0.157480
-0.104696
-0.055546
0.008168
-0.021850
0.022868
0.072986
0.041650
-0.011006
-0.048395
-0.085196
-0.179954
0.174857
0.054812
0.149597
0.040360
0.002835
0.018411
-0.025528
-0.102407
-0.023772
-0.063773
0.155606
0.042751
-0.078585
0.000988
0.000247
0.045154
-0.047837
-0.001468
-0.034360
-0.037744
0.156914
-0.037041
0.010242
-0.030403
-0.078161
0.009557
0.060411
0.007912
-0.011497
0.008711
-0.096931
-0.001498
-0.016926
0.065013
-0.023990
0.016296
0.053218
-0.001799
0.053841
-0.026373
-0.037208
0.068160
0.045292
0.062076
-0.063371
0.051262
0.006014
0.038438
0.087332
-0.061942
0.112471
0.137833
0.071623
0.064224
-0.050390
-0.081582
0.049390
0.133047
0.120988
-0.049468
0.064791
-0.057242
0.056872
0.186469
0.008472
-0.068920
-0.091440
-0.022471
-0.156200
0.068769
-0.001560
0.183564
-0.088138
0.049286
0.172241
-0.073914
0.219421
0.005109
0.181699
0.169035
-0.016252
-0.088073
0.168225
-0.037857
-0.019052
-0.074060
0.032879
0.155626
0.022881
-0.047673
0.010078
-0.005436
0.053949
0.008707
-0.021881
-0.052785
-0.095367
-0.053036
-0.081220
-0.195610
0.053590
0.010759
0.085646
-0.015052
0.106390
0.070300
-0.053753
-0.001552
-0.063674
-0.004928
0.074664
0.102602
0.044566
-0.045480
-0.005219
-0.047475
0.039769
-0.078012
0.106415
-0.022629
0.067115
0.036155
-0.081778
-0.091634
0.144856
0.124339
0.142802
0.093082
0.070512
0.042940
0.048123
0.036594
-0.028361
-0.054664
-0.010294
0.044183
-0.004312
0.080921
-0.042267
-0.035407
0.095311
0.045087
-0.033026
0.060402
0.194844
-0.043103
-0.049658
-0.011869
0.102068
-0.024163
0.052730
0.020817
-0.031334
0.064846
-0.136483
-0.049675
-0.046992
-0.065519
0.082730
0.078788
0.004533
-0.011533
0.044491
-0.112261
0.075349
0.121560
0.114885
0.001279
-0.041051
-0.058977
0.177111
0.005985
-0.096837
-0.123032
0.007409
-0.072763
0.007969
0.171078
0.101561
0.036277
0.021474
-0.004650
-0.108183
0.107006
0.022712
-0.100624
-0.085121
0.034992
0.001952
-0.079467
0.071500
0.082318
-0.098892
-0.153084
0.087646
-0.004798
0.172137
-0.109778
0.163492
-0.045943
0.044443
0.003098
0.038533
0.035668
0.060185
0.008754
0.039548
0.080868
0.024412
0.046529
0.045212
-0.085768
0.001864
-0.054447
0.062149
-0.022228
-0.173655
0.123036
0.063998
-0.061901
0.098678
0.039097
0.039152
0.032255
-0.031911
0.081500
0.119414
-0.017729
0.014283
0.083881
-0.088042
0.040683
-0.069070
0.033980
0.006159
0.050893
0.053206
0.055867
-0.025642
0.095924
-0.036344
0.050930
-0.081867
-0.018639
0.128572
0.195802
0.181408
0.180813
-0.090835
-0.041405
0.004864
0.170279
0.085750
-0.060868
-0.030997
0.071690
-0.047775
-0.017868
-0.021096
-0.041284
0.070257
-0.012681
0.149954
0.103236
0.071087
0.108852
0.076566
0.008107
0.123911
-0.079882
-0.006976
-0.130039
-0.012879
-0.034740
0.191624
0.165952
0.042362
-0.027494
-0.121920
0.069381
-0.052667
0.071243
0.008179
-0.027534
0.047240
-0.233371
-0.164624
-0.129611
-0.114291
0.036637
-0.139020
0.005059
0.369351
0.165592
0.064025
0.012680
-0.010290
0.064961
0.035846
-0.087850
0.029037
0.071821
0.201356
0.095268
0.081692
-0.112624
0.027305
0.069014
0.138607
0.133908
-0.091859
0.064633
0.110516
0.274827
0.057878
0.102515
0.075958
0.068490
-0.069576
0.173893
0.089779
-0.023445
-0.008033
-0.029347
0.129711
-0.132731
0.013943
-0.048750
0.064153
0.024588
0.034931
0.050338
0.002163
0.038664
0.063019
0.153884
-0.016094
-0.167531
0.020801
-0.087586
-0.111819
-0.104274
-0.052203
-0.003691
0.010126
-0.143923
-0.071376
-0.037136
-0.032483
-0.000044
0.021135
-0.079685
0.022159
-0.061485
0.157776
0.100352
0.023861
0.015539
-0.031358
-0.158319
0.083366
0.038267
0.153370
0.032249
-0.098420
-0.027843
0.183605
-0.030547
0.055190
-0.004726
0.188068
0.192382
-0.085214
0.013689
-0.036820
-0.098176
0.057088
-0.030680
-0.037905
-0.019355
-0.055056
0.037182
-0.065002
0.186129
0.161863
0.166864
0.034392
0.045913
0.113924
-0.020543
0.011144
-0.065523
-0.083872
-0.105859
-0.017794
0.162200
0.230663
-0.067510
0.024347
0.056388
0.003066
-0.053680
-0.030425
0.041016
0.027868
0.096197
0.098872
0.132701
-0.000152
-0.098765
0.127865
0.006416
0.011745
-0.052202
0.064617
-0.047175
-0.069152
0.043322
0.007944
-0.033664
0.023687
0.025876
0.058735
0.144645
0.059407
0.004289
0.094281
0.054868
-0.145294
0.001385
0.047509
0.001440
0.034773
-0.059556
0.228135
0.020485
0.090266
0.021446
0.144402
0.154388
0.101655
-0.000087
0.135458
-0.063443
-0.103520
0.055336
-0.147867
-0.021850
-0.049082
-0.077451
0.028835
0.210604
-0.015408
-0.064323
0.000243
-0.113097
0.023792
0.108816
0.074073
-0.194053
0.072691
-0.087249
0.071634
0.057038
-0.095535
-0.014010
-0.032746
-0.066171
0.037331
-0.027887
-0.090767
0.050240
-0.034649
0.017079
-0.035061
0.122689
0.032820
-0.114942
0.154279
0.016881
-0.085927
0.095376
0.061852
0.007260
0.050823
0.065620
0.030594
0.069556
0.038174
0.179988
-0.037569
0.121013
0.071419
0.009711
0.033503
-0.101244
-0.019082
0.058627
0.019368
0.083280
0.104944
-0.041247
0.053011
0.065359
0.053043
0.110525
0.005760
-0.023086
0.054319
-0.046701
-0.053549
-0.009480
-0.089193
-0.010136
-0.070192
-0.085208
-0.000480
-0.045447
-0.007207
-0.059508
0.011967
0.030088
-0.050228
-0.029861
-0.085118
-0.088552
-0.041597
0.038976
0.045600
-0.056334
0.040242
-0.054664
0.070640
-0.032197
-0.018818
-0.068931
0.074574
0.040496
-0.010140
0.048557
0.050786
0.041505
-0.065933
0.030412
0.025937
0.024089
-0.011206
-0.067613
0.091094
-0.027838
-0.057159
-0.031114
0.052775
-0.053596
-0.024394
-0.010505
-0.030624
0.058251
-0.049119
0.020109
0.060619
0.075043
0.085988
0.012391
0.054211
-0.024520
-0.068486
-0.072825
-0.044435
-0.022658
0.052558
0.034486
0.073746
-0.066495
-0.043535
-0.072467
0.027452
0.005769
0.042534
0.075807
0.003463
-0.066649
0.048136
-0.021490
-0.049036
0.071627
0.046677
0.030767
0.001869
0.009928
-0.017001
-0.029388
0.053199
-0.031021
-0.001479
0.072544
-0.019159
-0.016459
-0.040180
0.009101
-0.070356
0.017074
-0.065256
-0.046549
0.044298
-0.034725
0.033557
-0.056693
-0.039837
-0.087036
-0.032209
0.046494
-0.065045
-0.026955
0.034752
-0.057236
-0.020705
0.084304
0.003637
-0.035906
0.024007
0.043380
0.067764
0.043431
0.025748
-0.003889
-0.086037
0.035964
-0.108239
0.010975
-0.095669
0.021422
-0.064386
-0.078168
-0.032659
0.002187
-0.012208
0.030353
0.101955
-0.046049
-0.006942
0.055212
-0.118958
-0.018702
-0.055993
0.129527
0.034183
-0.049449
0.109587
-0.082819
0.077460
0.074349
-0.173915
0.077324
-0.083352
0.112869
-0.077890
0.155270
0.013618
0.067273
0.073340
0.036189
0.018296
-0.046309
0.151708
0.092027
0.021692
0.009840
0.037890
0.074029
0.057664
0.108602
-0.089951
-0.113395
0.079039
-0.048757
0.009733
-0.049221
0.104538
0.047923
0.057222
-0.025924
0.118948
-0.081651
-0.041906
-0.045241
-0.096350
0.156822
-0.069675
-0.088076
-0.038077
0.066792
0.010617
0.066521
0.060760
0.030656
0.018781
0.122404
0.033405
-0.052473
-0.046227
0.094268
0.075157
0.009092
-0.047859
0.086248
0.001136
0.076700
0.086178
0.084903
0.071386
0.009074
0.011409
-0.003394
-0.110873
-0.080530
-0.017660
0.021377
0.022444
0.169800
-0.167410
0.100822
0.011171
-0.088187
0.103163
0.102726
0.060266
0.050583
0.082313
0.182859
-0.004904
-0.037176
0.051932
-0.064870
-0.080194
0.049003
0.074668
0.041558
0.074377
-0.112805
0.125427
-0.028901
0.171630
-0.000967
-0.026425
0.104302
-0.009725
-0.015735
-0.031331
0.086410
0.023433
-0.100763
0.030836
0.014955
-0.016312
-0.016728
-0.024973
-0.038068
0.095648
0.036918
0.014159
0.190668
0.041856
0.020940
0.041315
0.111885
0.060984
-0.084049
-0.005062
0.062323
0.055274
-0.037310
0.043927
-0.068301
-0.066558
0.121357
0.049952
0.030227
0.004345
0.066348
0.010758
0.025910
-0.034431
-0.074435
0.161896
0.109972
0.137308
-0.002723
-0.001444
0.163004
-0.048402
-0.006798
0.080551
0.106972
-0.058242
0.061820
0.082105
0.026945
0.067090
0.060345
0.147265
-0.046762
-0.058035
-0.005629
-0.014346
0.046349
-0.039869
0.037411
-0.002504
-0.098715
0.026905
0.093293
-0.067497
-0.029644
0.073867
0.048423
0.130429
0.110768
0.035324
0.082093
-0.154563
-0.044011
-0.063123
0.019313
-0.158033
0.005045
0.081497
-0.098452
-0.039854
0.052534
-0.119012
-0.026618
0.050802
-0.031114
-0.005279
0.021301
-0.044043
-0.055673
0.024115
0.143762
-0.122927
-0.067400
0.056562
-0.021832
-0.101173
0.033118
0.102450
-0.039758
-0.004272
0.050038
-0.117908
-0.061701
0.038108
0.201557
-0.082442
0.044868
-0.077984
0.081638
0.013412
0.031116
0.083620
-0.040015
0.044954
0.147129
0.056383
0.117445
0.062373
0.041546
0.123715
0.016253
0.053568
-0.117231
0.015987
-0.117047
-0.096635
-0.040143
-0.002571
-0.086209
0.041199
-0.101752
-0.062907
-0.112603
-0.050214
0.051240
-0.005988
-0.021885
-0.064134
0.051326
0.044084
-0.028889
-0.066853
0.033013
0.154650
0.027187
-0.042938
-0.053359
0.034039
0.017081
0.150872
-0.102098
0.040240
-0.037029
-0.026769
0.054581
-0.009658
0.007910
0.077284
-0.074649
0.166588
0.163036
-0.024832
0.051688
-0.052025
0.084188
0.018771
0.172903
0.100063
-0.030121
0.068175
0.163972
0.029237
0.090186
0.208682
-0.144547
-0.084121
-0.035320
-0.000897
0.122874
0.069113
0.057200
0.019249
-0.019330
-0.018181
-0.022497
-0.189307
-0.103814
-0.088950
-0.125922
-0.052202
-0.047668
0.068692
-0.002418
-0.067281
0.075407
0.001750
0.041923
-0.075710
-0.039924
-0.105406
-0.050981
0.093127
-0.177081
-0.000966
0.024392
-0.045068
0.105614
0.006096
0.090257
0.127882
0.071855
0.092535
0.028635
0.110895
0.073785
0.012878
0.134362
0.126191
0.042385
-0.000086
0.062856
0.057913
0.063877
0.134324
-0.036655
0.133964
-0.216275
0.020405
0.064427
-0.054172
0.003087
-0.027556
-0.032498
-0.082701
0.072639
0.120192
-0.111040
0.052986
0.076309
0.014578
0.036517
-0.084846
-0.033272
-0.014063
-0.086511
0.032588
0.060726
0.089784
0.043226
-0.044804
0.045804
-0.006224
0.018523
0.118995
0.080063
0.007876
0.103968
-0.027340
0.041092
0.049441
0.080419
0.085910
-0.152780
0.211352
-0.097015
-0.055219
0.002304
-0.003024
0.146625
-0.006603
-0.093141
0.013002
-0.042259
0.027363
0.102812
0.162543
0.032326
0.088995
-0.015450
0.068691
0.205218
-0.125431
-0.069669
-0.065299
-0.008747
-0.021031
0.198019
0.114097
-0.009856
0.096965
-0.033808
-0.007241
0.065978
-0.096860
0.045504
0.066608
0.021468
0.001008
0.009443
-0.003093
0.022738
0.023394
-0.034609
0.002989
-0.020939
0.098932
-0.029757
0.003370
0.164440
-0.072781
0.049012
-0.096839
-0.100680
-0.153380
-0.005515
-0.158606
-0.062763
0.062105
0.033346
-0.094823
0.107666
-0.105154
0.028582
-0.069078
-0.041543
-0.021640
0.096731
0.020318
-0.073183
-0.060377
0.149961
-0.043552
0.046040
-0.086599
0.055844
-0.105551
0.026740
0.230456
0.029775
0.015619
0.014828
0.028762
0.038213
0.069763
0.198000
0.070488
-0.013020
0.077680
0.083776
0.090614
-0.031491
-0.016437
-0.101361
0.055683
0.187201
0.134165
0.088794
-0.034795
0.074618
-0.077820
-0.063160
0.025714
0.020971
0.046175
-0.066828
-0.039514
0.056559
-0.003434
0.077301
-0.041847
0.087989
0.073227
-0.050216
-0.080853
0.025337
0.060888
-0.088634
-0.009067
-0.092492
0.094853
0.074277
0.092061
-0.027211
0.064831
0.036947
0.040671
0.091446
0.090307
-0.084785
-0.037965
-0.086315
0.020757
0.070738
-0.034624
-0.051626
0.020540
-0.055170
-0.049757
-0.009873
0.031381
0.009091
0.087933
-0.055249
-0.092009
-0.083579
-0.094041
-0.082424
0.074159
-0.046593
0.019330
-0.061201
-0.023850
-0.040680
-0.030532
0.040963
0.050334
0.065075
0.088276
0.009844
-0.016979
-0.076568
-0.073686
-0.044930
0.016220
0.080146
-0.073481
-0.078193
-0.088229
0.043675
0.085098
0.037462
-0.055010
-0.047051
-0.003624
0.036141
-0.010088
0.001008
-0.036915
-0.077769
-0.075840
0.041394
-0.067855
-0.016031
0.051480
-0.012114
-0.092101
0.074546
0.002986
-0.038429
-0.047865
-0.042705
-0.008585
0.018940
-0.026642
-0.057797
0.061680
-0.014432
0.012823
-0.046057
-0.057004
-0.083185
0.069452
0.075788
-0.024286
-0.012103
0.059984
-0.082654
-0.061240
0.000156
0.004098
-0.063708
-0.074759
0.040388
-0.052007
0.070093
-0.010196
-0.070146
-0.089738
-0.062043
-0.050744
0.011187
-0.087303
-0.002682
0.079158
0.083171
-0.081728
-0.077245
-0.090801
-0.142779
-0.057668
-0.082412
-0.055621
-0.136866
-0.044279
-0.012873
0.062671
-0.023152
-0.039200
-0.047116
0.007024
0.042882
0.003404
0.206195
0.092670
-0.084701
-0.070239
-0.066784
0.035497
-0.006404
0.035020
-0.114617
0.152058
-0.003562
0.135357
0.047074
-0.180440
-0.088595
-0.028716
0.021296
0.030799
0.075289
0.171342
0.161332
-0.095337
0.027972
-0.053069
0.011013
0.123700
0.107163
-0.019391
-0.007506
-0.044293
-0.006209
0.157578
-0.082621
0.007556
-0.069931
0.094787
0.136044
-0.006464
0.102500
0.032797
-0.016861
-0.072508
-0.007198
-0.039763
-0.021756
-0.089578
-0.103166
0.044196
0.098340
0.207757
0.063379
0.030584
-0.005626
0.050503
0.200425
-0.057707
0.050552
-0.078326
0.150156
0.186080
-0.037832
-0.085757
0.055844
0.001952
0.066169
-0.101292
0.084083
0.022554
-0.052844
0.094771
-0.086709
0.061375
0.029167
0.102691
-0.017061
0.040287
0.049019
-0.003214
0.123874
-0.011034
-0.055566
0.013549
-0.046737
0.107006
0.007267
0.138268
0.097821
0.073165
0.033356
-0.052552
0.012728
-0.011952
-0.020602
0.041710
-0.022953
-0.046837
-0.037047
-0.035241
0.021968
-0.086940
0.012029
-0.063231
-0.072905
0.013811
-0.023907
0.072828
-0.080273
0.046526
0.055194
-0.049637
0.024092
0.014826
-0.047984
-0.061363
-0.011755
0.036418
-0.093648
-0.020927
0.024998
-0.081170
0.060885
0.034778
0.008730
0.029377
-0.040482
-0.081002
-0.062624
0.053730
0.038627
-0.059963
-0.053797
-0.033966
-0.058306
-0.088597
-0.082715
-0.016791
0.052176
0.092930
-0.063434
0.029461
-0.087805
-0.004729
-0.006088
-0.027898
-0.060703
-0.057578
0.021534
0.027268
-0.086675
-0.012389
-0.007478
-0.062451
0.009138
0.074030
0.035247
0.046639
0.046200
0.050419
-0.002940
-0.055292
-0.090822
-0.081120
0.046850
0.041712
-0.078118
-0.009166
-0.001990
-0.036291
-0.076939
0.009518
0.043827
-0.035659
-0.008979
-0.043183
0.049856
0.063766
-0.064527
-0.050410
-0.011939
0.011768
0.022654
-0.018379
-0.033590
-0.076067
-0.080896
-0.038266
0.010930
0.060671
-0.008780
0.034346
0.015392
-0.088837
0.081966
-0.061023
0.004588
-0.037000
0.026758
0.059157
-0.084123
-0.095154
0.045566
-0.001205
-0.011638
0.014085
-0.049338
-0.079739
0.058822
-0.008297
-0.082034
0.079649
0.091434
0.021727
-0.088053
0.066027
-0.071644
-0.035031
0.004528
-0.012422
0.049678
0.046620
0.056176
0.022944
0.064207
0.086856
-0.021852
0.063611
0.086952
-0.012592
-0.090876
0.015330
0.137308
-0.021913
0.168467
-0.150247
0.089592
-0.070335
0.145369
-0.060587
0.006881
-0.034898
0.055957
-0.078079
-0.056142
0.022534
0.037027
0.040509
0.129679
-0.043677
0.026106
0.029493
-0.004953
-0.074910
0.011371
-0.013131
-0.005242
0.046847
-0.005766
0.055764
-0.085322
0.046802
-0.028854
-0.025577
-0.062668
-0.022424
0.135080
-0.047506
-0.021165
-0.074124
-0.026072
0.052282
0.060942
0.050225
0.129508
-0.100643
0.211344
-0.070923
0.081363
0.040412
0.053552
0.055794
-0.104115
0.074124
-0.074993
0.052814
0.043151
0.098007
0.115567
-0.026665
0.176912
0.044769
0.043122
0.120012
0.029135
-0.071932
0.166582
-0.012068
-0.056553
0.095290
0.104974
0.058454
-0.123640
0.026671
-0.049063
-0.073720
-0.019669
0.050943
-0.098189
0.182237
0.050099
-0.092778
0.021669
-0.059168
0.170831
-0.125419
0.058683
0.011675
-0.126558
0.011079
-0.022766
-0.008863
-0.146939
0.071104
0.133953
0.082183
0.001210
-0.030798
-0.056488
-0.011989
-0.005379
-0.032938
-0.055328
-0.003063
-0.013661
-0.150213
-0.064547
0.029603
0.060022
-0.067756
0.056988
0.077752
0.018407
0.123266
0.021126
0.211350
0.152734
0.047612
-0.030257
-0.051421
-0.046076
0.098417
0.184648
-0.043656
0.095091
0.059674
0.106981
0.071709
-0.100503
-0.135242
-0.002218
0.066291
-0.085517
0.111932
0.045755
-0.015750
0.111722
-0.086157
-0.071579
0.023689
0.058435
0.002758
0.046552
-0.067231
-0.132821
0.211080
0.049723
0.187312
-0.045439
0.139709
-0.107598
-0.160002
-0.109747
0.172518
0.046867
0.033109
0.099734
-0.060917
-0.103137
-0.074357
0.115376
0.128782
-0.084631
-0.068444
0.015430
-0.001231
-0.157877
-0.030097
-0.125090
-0.020711
0.008769
-0.052874
0.070462
-0.036953
-0.060741
0.156952
0.014193
0.244216
0.201106
0.069097
-0.003470
-0.196671
-0.031942
0.115436
0.068176
-0.160446
-0.193890
0.186686
0.058279
0.233240
-0.096648
-0.153366
0.152501
0.017708
0.010401
-0.067320
0.011990
-0.158826
-0.047602
-0.081000
0.082436
-0.047465
-0.063086
0.133674
0.021308
-0.067777
0.002152
-0.068294
-0.182184
0.056568
-0.028306
0.053004
-0.039939
-0.125671
0.037343
-0.061256
0.184730
0.025002
-0.102958
-0.017312
-0.107383
-0.012754
-0.081365
-0.021227
0.061912
-0.097357
-0.010090
-0.090605
0.032844
-0.027754
0.011672
-0.106802
0.056102
-0.009455
0.035421
0.039033
-0.039292
-0.000361
-0.076881
0.068613
-0.118088
-0.065405
0.043471
-0.090068
-0.102009
0.052148
0.169320
0.019153
-0.084118
0.009451
0.090268
0.087635
-0.132320
-0.002174
-0.020644
-0.043266
0.077610
0.049830
0.097613
-0.060394
0.039443
0.079565
0.039805
-0.068128
0.009719
0.113578
-0.072659
0.048929
0.075550
0.188978
-0.076046
0.071966
-0.018655
-0.008982
-0.040156
-0.101593
-0.082037
0.068999
-0.023203
-0.017804
-0.013662
0.071362
-0.025793
-0.028604
-0.016936
-0.061930
0.002986
0.043643
0.032711
-0.085966
0.003819
-0.055931
-0.124853
0.004445
0.003888
0.083527
0.118290
0.032889
0.192428
0.090374
0.007259
-0.127014
0.044356
-0.014159
0.085920
-0.014000
0.049735
0.141317
0.104958
-0.009377
0.144894
0.073023
0.124324
-0.020752
-0.047296
0.019888
-0.005485
-0.033017
0.064474
0.068179
0.098175
-0.061060
-0.030989
-0.037049
-0.078484
0.013601
0.111664
-0.085923
-0.086602
0.010902
0.025663
0.123376
0.027963
-0.050097
-0.011958
0.088979
0.110045
0.004446
0.078377
0.093207
0.012771
0.070365
0.021048
0.026274
0.017341
-0.022293
0.026490
-0.060420
0.078767
0.061244
-0.082869
0.022714
0.016425
-0.090455
-0.018847
0.054265
0.052232
0.076970
0.034860
-0.015677
-0.035309
-0.087132
0.014980
0.036817
-0.030084
-0.003217
0.081224
-0.082960
0.038145
-0.065823
0.086703
0.040392
0.056050
-0.022760
0.068378
0.037314
0.013955
-0.076893
-0.043590
-0.010425
-0.088822
-0.080163
0.061605
-0.078317
-0.033769
-0.052589
0.042855
-0.048895
-0.042168
-0.073381
-0.004792
-0.028746
0.083983
-0.073086
0.058804
-0.003036
0.018549
0.020055
-0.063695
-0.023274
-0.079028
-0.003420
-0.038158
-0.084686
-0.039251
0.008280
-0.012386
-0.095478
0.059614
-0.026944
-0.085392
0.055310
-0.076246
-0.060580
-0.090513
0.036159
0.050251
-0.085277
-0.057583
-0.068270
-0.003717
-0.038615
-0.003421
-0.004236
-0.069147
0.017169
-0.060597
-0.037672
-0.079281
-0.003825
-0.044913
0.040886
-0.019321
-0.036548
0.087738
-0.062251
-0.025606
-0.015892
-0.001904
0.055966
-0.064287
-0.055847
-0.054554
-0.051311
0.016357
0.017580
-0.092072
0.047030
-0.002890
0.089463
-0.081387
-0.053959
-0.092740
-0.003233
0.058847
0.033477
0.060209
-0.048475
0.066353
-0.001910
-0.049150
-0.065339
-0.000941
0.060608
-0.028352
0.018263
-0.062965
0.019080
0.057056
-0.013723
-0.074915
0.012118
0.037994
0.062254
0.073490
0.086411
-0.040944
-0.058192
0.057733
-0.028902
-0.020433
0.090036
0.086061
0.034543
0.130400
-0.093656
-0.046787
-0.024107
-0.037583
0.010909
0.072589
-0.045449
-0.070216
-0.118983
-0.001933
0.021936
0.036934
0.074275
-0.052291
0.045574
-0.052647
0.054279
0.058708
-0.056513
-0.086728
-0.032838
-0.024377
0.004051
-0.055447
0.051527
0.034943
-0.017527
-0.062545
-0.022470
-0.060664
-0.089240
0.114338
0.048318
-0.011565
0.044674
-0.094407
0.030071
-0.043624
-0.076913
0.078776
-0.023314
0.120735
-0.090934
-0.016889
-0.075833
-0.067381
0.033747
-0.050522
-0.056233
-0.060853
0.064665
0.021643
0.048582
0.057944
-0.045401
0.037609
0.079061
0.019700
-0.030673
-0.057917
-0.076509
0.043798
0.060879
-0.013633
0.024229
0.054612
-0.068272
0.045837
0.060927
0.059686
-0.108566
-0.050935
-0.095287
0.027967
0.077868
0.123848
0.025369
0.023467
-0.105844
0.019922
-0.021690
-0.042343
0.003094
0.022733
-0.022216
-0.009358
-0.135195
-0.115140
-0.023646
0.061898
0.068786
0.005429
-0.121134
0.057375
0.048447
-0.058228
0.047237
-0.011832
-0.076009
0.050932
-0.023705
0.018235
-0.086835
0.032353
-0.033121
0.076251
0.026771
-0.020276
-0.075744
0.045727
0.061707
0.024271
-0.026092
0.058859
-0.041907
-0.029019
0.086788
-0.001776
0.069945
-0.052014
-0.035640
0.003500
-0.082694
-0.085903
0.004354
0.018676
-0.073541
-0.000253
0.016127
-0.029147
-0.031245
0.106309
-0.036983
0.050873
-0.019890
0.026385
0.070996
-0.085287
0.076515
-0.094678
-0.044686
0.069489
-0.007269
0.059464
-0.069366
0.001686
0.019065
0.048427
-0.071849
-0.125434
0.049725
-0.016342
-0.015240
-0.000608
0.046744
-0.037354
0.047557
0.083551
-0.065220
-0.050163
-0.089568
-0.006621
-0.008212
0.001383
0.028920
0.105219
-0.011043
0.019146
-0.075771
0.013024
-0.004568
0.056721
-0.034438
-0.028253
-0.046879
0.095512
-0.034396
0.066453
-0.003973
0.010325
0.081202
0.136145
0.018558
-0.091312
0.018862
0.076608
0.031888
-0.051128
0.084495
-0.006163
-0.052822
-0.080006
-0.102952
0.044330
-0.004853
0.068612
-0.126639
0.058536
-0.039489
-0.005271
0.067521
0.094854
-0.081994
0.009437
0.068015
-0.064959
-0.048839
-0.081623
0.023509
-0.091631
-0.086065
-0.003648
-0.010110
0.025842
-0.028125
0.038617
0.072091
-0.052709
0.023185
0.023984
-0.005511
-0.052239
0.082455
-0.051057
0.072851
-0.017243
-0.007396
-0.045956
0.162545
-0.071715
0.102001
-0.130359
-0.138689
-0.014990
-0.018526
-0.022307
0.107398
0.143379
0.109444
0.115418
-0.094128
0.021097
0.125992
-0.023021
-0.143778
0.090209
-0.021991
0.047960
0.068888
0.032438
0.024678
0.066090
-0.078783
-0.050097
0.035989
-0.064567
-0.062535
-0.076087
0.063500
-0.031881
0.080088
0.057076
0.005749
-0.064022
-0.059315
0.154674
0.064017
-0.049627
0.008144
0.112051
-0.119812
0.217412
-0.099357
0.068387
-0.070874
-0.007321
0.008364
0.033401
-0.029126
-0.000905
-0.025051
0.004418
0.151852
-0.139939
-0.059454
0.047027
-0.071453
0.033180
-0.007627
-0.062707
0.021132
-0.063127
-0.035479
0.056793
0.033146
-0.018612
0.047029
0.018357
-0.013716
0.075466
0.019349
-0.101272
0.142058
-0.064759
-0.114886
-0.011401
0.027364
-0.154396
-0.015186
0.015526
0.138634
0.028778
-0.097062
0.017915
-0.014600
-0.017401
0.137807
-0.080484
0.072157
0.126459
-0.096325
-0.164807
-0.052427
0.089596
-0.083561
-0.102939
-0.113189
0.017345
0.030401
0.193365
0.000913
-0.039926
-0.038780
0.007860
-0.036741
-0.005782
-0.168815
0.027851
0.008053
-0.038413
-0.052363
-0.117786
-0.013099
0.007680
0.054457
0.018764
-0.060387
-0.155948
-0.058099
0.031622
-0.120590
-0.145230
0.012233
-0.159235
0.042078
-0.111095
0.082558
-0.075270
0.032488
0.063218
-0.046606
0.015169
0.002136
0.088745
0.004247
-0.054943
-0.085606
0.131441
-0.149607
0.098882
-0.091736
-0.055709
0.076614
-0.006694
0.013818
0.008331
0.082893
0.070761
0.033548
0.006679
0.004253
-0.023410
0.024446
0.010906
-0.063668
-0.063142
0.058933
0.001161
-0.014529
-0.054752
-0.008790
0.099160
0.066275
0.027619
0.068163
0.017269
0.067763
0.046076
0.165262
-0.102283
-0.115470
-0.078262
0.036575
-0.065674
-0.062971
0.074598
0.066375
0.078843
-0.055404
0.052986
-0.114198
-0.002166
0.025233
-0.066415
0.090038
-0.011109
0.106351
-0.017505
-0.060231
-0.037942
-0.021981
0.007220
0.035224
-0.107403
-0.025292
0.002961
0.036384
-0.088528
0.026592
-0.051735
0.075482
0.052302
-0.030144
0.055401
0.085807
0.035403
-0.031770
-0.065809
-0.057038
0.091015
-0.006680
0.157037
-0.104495
-0.025969
-0.046110
0.039336
0.021249
-0.023640
0.024831
0.003779
-0.010991
-0.015737
-0.078979
0.085583
0.027191
-0.017859
-0.045002
0.050854
0.024661
-0.058612
0.080862
-0.073201
0.062515
-0.011039
0.020764
-0.057265
-0.065472
0.026048
-0.109104
0.033375
-0.070364
-0.037744
0.052548
0.065273
0.144291
-0.091923
-0.033464
-0.079725
-0.017354
-0.206800
-0.057648
0.291596
0.056415
-0.002925
0.052286
-0.027386
0.108958
-0.160139
0.076714
-0.105808
0.065446
0.049598
0.004534
0.095545
0.110856
0.113839
0.017929
-0.041109
0.089871
-0.039128
-0.055645
0.053981
-0.067037
-0.027362
-0.160234
0.133411
0.016993
0.169475
0.027500
-0.023844
-0.009611
0.062369
-0.050731
-0.024379
0.037616
0.099210
0.063082
0.005213
-0.105665
0.061277
-0.080464
0.025256
0.104272
0.163871
-0.086227
-0.006179
-0.082822
0.007958
-0.060475
0.075785
0.137019
-0.014571
-0.074089
0.228742
0.084812
-0.021408
0.029114
-0.024328
-0.107070
-0.043463
0.025652
0.034081
0.114609
0.027144
-0.089867
-0.003544
0.100492
0.087109
-0.076016
0.013311
0.084571
-0.120544
0.035894
-0.021088
0.123470
0.149357
0.050461
-0.060855
0.072599
-0.120313
0.019258
0.019799
0.115798
0.185027
0.042607
-0.000805
-0.110624
0.107335
0.075802
-0.039901
-0.016987
-0.065285
0.028648
0.005743
-0.056461
-0.003139
0.120973
0.007040
0.161299
0.172356
0.148651
0.109929
0.009149
-0.058945
-0.122882
-0.014215
-0.045471
0.105827
0.139839
-0.010605
-0.039351
-0.077677
-0.121809
0.076841
-0.090107
-0.135320
-0.042271
0.154842
-0.074954
-0.004499
-0.075239
0.162866
-0.006106
-0.016079
0.006941
-0.042404
-0.032562
0.103254
-0.232794
-0.148785
0.013272
0.053754
-0.108929
0.099623
-0.033302
-0.078954
0.072628
-0.047710
0.106927
-0.042562
0.010125
0.067655
-0.042473
0.002796
0.058613
0.075168
0.162585
0.022460
0.042281
-0.102603
-0.022138
0.032439
-0.134997
-0.023691
-0.014798
0.012398
-0.000704
0.002504
-0.066880
0.033156
-0.064280
-0.026963
-0.017804
0.132017
0.082901
0.019802
0.061852
-0.053856
-0.021362
0.075005
0.006782
-0.131589
0.116207
0.117889
-0.075867
0.103346
0.017044
0.076292
0.158222
-0.036025
0.043419
0.129444
0.086053
-0.053103
-0.078603
0.035751
-0.027330
-0.089002
-0.003383
0.060605
-0.164412
-0.101174
-0.080012
-0.076749
0.023649
0.175872
-0.024450
0.029178
-0.155379
0.002741
-0.038196
0.078653
-0.117065
-0.001049
-0.063777
-0.076705
-0.181828
-0.204560
-0.045577
0.090369
-0.063540
0.140251
0.007658
-0.034330
-0.075298
-0.056868
-0.009147
0.091024
0.159963
0.001089
-0.077143
-0.052216
-0.076177
-0.035581
0.093201
0.045223
-0.039609
0.080319
-0.000415
0.033171
0.037647
-0.019591
-0.015756
-0.050862
0.031320
-0.109915
0.107270
0.026833
-0.005908
0.018506
0.108604
0.050102
-0.078096
0.160684
0.086102
0.038024
-0.028651
-0.020906
0.010781
0.138797
0.085943
0.099294
-0.079451
0.122843
0.018347
0.075104
0.188913
0.091450
0.072409
0.010768
-0.003955
-0.032825
0.098955
0.056634
0.209009
0.039061
-0.074110
0.076068
0.037855
0.029253
-0.038972
-0.008113
-0.041253
0.118069
-0.026905
0.120790
0.052211
0.128883
-0.015729
-0.008393
-0.032364
-0.023294
0.212928
0.122167
-0.005656
0.058479
-0.064675
-0.096358
0.093631
-0.066730
-0.105605
0.084470
-0.077580
-0.060767
-0.049505
0.195831
0.007249
-0.009478
-0.053893
0.097844
0.018634
0.151709
0.067723
0.024503
0.035830
0.049417
0.172927
-0.140084
0.007756
-0.032861
-0.040669
-0.009201
0.089273
0.046980
-0.087638
-0.000807
0.076570
0.011711
0.012616
-0.007997
-0.011678
-0.041795
0.136681
0.005997
-0.011907
-0.078687
-0.050606
-0.025413
0.068104
0.056418
0.074830
-0.037298
0.169424
-0.042964
-0.017205
-0.094088
-0.134133
0.061843
-0.055654
0.159367
0.001146
0.027628
-0.032327
-0.065346
-0.090203
0.014252
0.083833
0.029726
0.065687
0.100277
0.068749
0.137786
-0.051322
0.041200
-0.045868
0.143490
-0.099650
0.002509
-0.002407
-0.078260
0.185425
-0.045335
0.042349
-0.142586
-0.036980
-0.035856
0.118227
0.054666
0.103301
0.013258
0.042137
0.013371
-0.057564
-0.150298
-0.097183
-0.033358
-0.097659
0.000675
0.165843
0.014087
-0.021076
-0.008726
0.090864
-0.034561
-0.179492
-0.064481
-0.013574
0.060630
0.017442
0.163866
0.122749
-0.105455
0.073051
-0.036548
0.069126
0.083777
0.046703
-0.047668
-0.085280
0.010783
0.156501
-0.193833
-0.066797
-0.151532
0.044657
0.135621
0.048042
0.031952
-0.041822
-0.032009
0.126084
0.107121
-0.031462
-0.072896
-0.015715
-0.143970
0.145812
-0.026425
-0.007386
0.055056
0.090353
-0.120507
0.003359
0.021959
-0.007564
-0.085709
-0.071386
0.147150
-0.052613
0.118133
0.048196
0.078772
-0.123019
0.001170
-0.089462
-0.094050
0.114568
0.033600
0.103529
-0.079106
0.151817
-0.120162
-0.175439
0.179808
0.014788
0.029703
0.122943
0.219494
-0.155626
-0.125181
-0.150821
0.054997
-0.070203
-0.125823
0.053292
0.078151
0.117686
0.064856
0.048810
-0.086927
-0.020165
0.045013
0.048526
-0.049677
0.080483
-0.073631
0.071081
0.053800
0.020139
0.077146
0.027626
-0.043950
0.070063
0.153167
-0.000328
-0.001291
0.024717
-0.131235
0.037010
0.018143
0.053633
-0.003058
0.066480
0.175292
-0.047029
0.015237
0.050744
0.077547
-0.156422
0.008309
-0.043275
-0.041777
0.147745
0.100740
0.097886
0.128145
-0.013297
-0.058466
-0.003396
-0.030138
-0.146593
-0.025670
-0.046207
0.022415
-0.052075
-0.090676
0.119648
0.079519
-0.009859
-0.202176
-0.006718
-0.095038
0.114701
-0.078305
-0.059130
0.102569
-0.031256
-0.001277
0.167226
0.056232
0.074252
0.220545
0.029599
0.100385
-0.039598
-0.008358
-0.083736
-0.053608
0.029236
-0.004006
0.029926
-0.141945
0.016016
-0.057341
0.091872
-0.016421
0.103046
0.050235
0.049367
0.033808
0.003017
0.122754
0.051615
-0.050182
-0.117801
0.053166
0.188777
-0.186048
-0.088042
-0.045683
-0.077822
0.046346
0.039561
0.017206
0.134612
-0.047533
-0.022852
0.023980
-0.050535
0.121472
-0.047007
0.090769
0.028961
0.011277
-0.059278
0.146070
-0.002629
-0.147576
0.049679
0.043395
0.071972
-0.209318
0.083620
0.016425
-0.061200
0.020810
-0.007466
0.032719
-0.048555
-0.022700
0.016803
-0.114686
0.050130
-0.061591
-0.004200
-0.038849
0.092046
-0.048298
-0.021084
-0.023504
0.157376
0.184757
0.013471
0.163728
0.029254
0.144444
0.004052
0.000057
0.078892
0.006821
0.087204
0.042943
0.079543
0.138009
-0.112593
-0.127096
-0.023757
-0.106046
-0.151138
0.073953
-0.014332
0.159512
-0.017673
0.193844
-0.153881
-0.039071
0.045212
-0.005867
0.193344
-0.096632
-0.044008
0.092719
0.144895
0.018051
-0.196968
0.132987
-0.029404
0.092658
0.051432
-0.068878
0.128887
-0.030300
-0.027178
-0.009685
0.075363
0.050291
0.119425
0.029987
0.094899
0.135444
0.041826
0.165882
-0.116242
0.075899
0.081451
0.137993
-0.072661
0.067881
0.036103
0.061180
0.075614
-0.056874
0.111736
-0.000784
0.006170
-0.027562
0.085615
0.064141
0.081524
-0.015249
-0.132147
0.110724
0.028133
0.121665
-0.075575
0.048088
0.140356
0.069721
0.031372
-0.068473
-0.092787
-0.048742
0.127013
-0.053296
0.020347
0.167170
0.060167
0.051057
-0.100627
0.090297
-0.131627
-0.063681
0.081463
0.132595
-0.009474
-0.000701
-0.123374
0.026348
-0.026594
0.081331
-0.070130
-0.048120
-0.075760
0.021252
0.002896
-0.027502
-0.014274
0.014873
0.160157
-0.101143
-0.088278
0.134003
-0.069206
0.011939
0.062002
-0.075141
-0.019317
0.010829
0.104508
0.049855
0.028984
-0.094244
0.132858
-0.004149
-0.024346
-0.012363
-0.004087
0.084803
-0.070838
0.005594
-0.101473
-0.043501
0.062638
0.043496
-0.018899
0.052239
-0.106610
0.064810
0.038799
0.005118
0.052939
0.000752
-0.041756
0.018400
0.002152
-0.002643
0.045128
0.084422
-0.128625
-0.057639
-0.025764
0.041452
0.110752
-0.065843
0.163593
0.037931
-0.060748
-0.100172
-0.051679
0.024044
-0.014280
0.168875
-0.014164
0.024842
-0.096852
-0.010085
0.007224
-0.041711
-0.089572
-0.000294
0.006559
0.020964
0.007495
-0.003402
0.016167
-0.053016
-0.051347
-0.084771
0.020108
-0.017288
0.009267
0.079278
0.017557
0.039057
-0.014953
0.067377
-0.100355
0.021369
-0.123426
-0.038169
0.048374
-0.008571
0.077847
-0.021468
0.112102
0.062491
-0.078197
-0.079463
-0.076853
-0.040284
-0.026347
-0.037124
0.066675
0.009585
0.026095
0.000149
-0.028492
-0.035457
0.170658
0.081748
0.049757
-0.059641
0.080163
-0.134249
-0.015519
0.033739
0.051377
-0.059349
0.024105
0.022699
0.078482
0.136163
-0.013620
-0.030569
0.066949
0.056548
-0.017242
0.063705
0.023904
0.084122
0.010339
0.029250
-0.024626
0.022600
0.029507
0.049907
-0.031004
-0.024382
-0.085813
-0.077294
0.033089
0.086995
0.133610
-0.089177
-0.014843
0.002678
0.072668
-0.025631
-0.106787
0.035249
-0.055257
0.016066
0.022787
0.104905
0.073660
0.114534
-0.006689
-0.105213
0.021783
0.132112
-0.063290
0.180886
-0.113070
0.085952
-0.021243
-0.011519
0.030106
-0.067931
0.067692
0.048070
0.076122
0.029119
0.045727
0.084955
0.240471
0.124004
-0.013121
-0.102343
0.105879
-0.005051
0.022708
0.023254
-0.017513
0.077883
-0.137167
0.091110
0.091733
-0.035787
-0.072696
0.062765
0.007238
0.023423
0.013549
0.168496
-0.029321
0.014035
0.053799
-0.053760
-0.034881
-0.067159
-0.151011
-0.071769
0.061292
0.009292
-0.018148
0.015551
-0.135902
-0.070246
-0.032316
-0.022362
-0.150197
0.216987
-0.000537
0.126733
0.074999
0.053551
0.035611
0.008004
-0.091111
-0.075895
-0.053973
-0.023551
-0.017349
0.005056
0.066703
-0.004968
-0.042818
0.014610
0.021659
0.035540
-0.101325
-0.140768
0.026365
-0.075781
-0.009760
-0.108782
0.128917
-0.013121
0.091505
0.065802
0.100004
-0.037102
0.062504
-0.057433
0.030364
-0.117826
-0.159673
-0.020751
0.076993
0.153209
-0.026704
-0.037329
-0.076138
0.021934
-0.008927
0.075942
-0.074165
-0.090406
0.092496
-0.006714
-0.111811
0.040749
-0.084547
-0.121976
-0.039644
0.064635
-0.010214
0.019791
0.035342
-0.137572
0.074485
-0.190526
-0.131649
-0.158230
0.059015
0.025122
0.047741
0.107125
0.146875
-0.000236
-0.012420
-0.036760
-0.000399
-0.023306
-0.024815
-0.026078
0.002495
-0.026562
0.033313
0.009674
-0.095569
-0.022849
-0.125815
-0.017854
0.022817
-0.098599
0.043175
-0.050824
-0.163466
0.077177
-0.026832
-0.008803
0.068512
0.037798
0.117919
0.078968
-0.128261
-0.056203
0.031582
-0.023696
0.000157
-0.152795
-0.038567
-0.059544
0.019981
0.076025
0.062135
-0.149151
0.044812
0.078423
0.004430
0.073941
-0.114106
-0.086059
0.071109
-0.035772
0.062099
0.011426
-0.070563
0.055292
0.177206
0.057273
-0.084314
-0.029278
0.078084
0.045105
-0.023177
-0.130345
-0.085233
0.078356
0.058133
-0.041892
-0.105270
0.067630
-0.173811
-0.088263
0.112124
-0.089746
0.126998
-0.147781
-0.001614
0.065548
-0.026184
0.161137
-0.064118
0.025013
0.104124
0.199380
-0.023149
-0.022892
-0.043321
0.092072
-0.025775
0.019617
-0.063683
0.059022
-0.012365
0.016864
-0.166310
0.045100
0.023331
0.120878
-0.023316
0.008645
-0.033776
-0.013323
0.031780
-0.004494
-0.078466
-0.007313
0.069273
0.045713
0.082918
-0.050453
0.053927
-0.048987
0.029996
-0.013930
0.024420
-0.034099
0.078068
0.182419
0.111275
0.035411
0.031173
-0.043692
-0.010993
-0.041984
0.017774
-0.060634
0.007487
-0.069816
-0.009521
-0.127225
-0.075692
-0.053223
-0.075681
0.047677
-0.079903
0.049349
0.035730
-0.067664
0.033376
-0.059056
-0.011384
0.060003
0.024809
0.063393
-0.023900
-0.017537
0.009873
0.084913
-0.017665
0.094456
-0.022505
-0.059353
0.075017
-0.038687
0.034178
-0.055552
-0.037170
-0.049677
-0.086415
0.033411
-0.026573
-0.135880
0.032617
0.156556
0.066087
0.039705
0.031267
0.041281
-0.020336
0.157059
0.044412
-0.120677
-0.105746
0.080603
-0.054508
-0.035967
-0.020463
-0.023105
0.138132
-0.080630
-0.111270
-0.063554
-0.060340
0.058306
0.093888
0.047396
-0.023331
-0.087174
-0.020991
0.005835
0.013910
0.064074
-0.022098
-0.074083
-0.077982
-0.060622
0.031954
0.114398
-0.081594
0.097354
0.075366
0.000463
0.068756
-0.032748
-0.040657
-0.008644
-0.039425
-0.008587
-0.084843
-0.071826
-0.015551
-0.084843
0.006059
-0.014619
0.025821
0.125192
-0.030560
-0.000442
-0.035152
0.077183
-0.067365
0.039717
0.072550
-0.048867
0.035974
-0.047958
-0.035265
0.054146
-0.070130
-0.060517
0.004059
-0.033916
0.037756
-0.025369
-0.000273
-0.029128
0.099125
0.034675
0.025979
-0.039803
0.065904
0.045267
-0.064322
-0.072776
0.064194
0.037843
0.038678
-0.074051
0.029938
-0.050719
0.064111
0.042604
0.018526
0.031465
-0.017392
-0.053825
0.040971
-0.028029
-0.078971
0.073436
0.101820
-0.082778
0.021193
-0.075565
0.007365
0.053463
0.051082
0.050310
-0.016662
0.048975
-0.052628
-0.056415
-0.012119
-0.028328
0.003505
0.041976
-0.074461
0.032507
-0.024875
-0.068457
-0.062220
0.057812
0.035049
0.047157
0.029307
0.077550
0.002263
-0.061834
-0.019129
-0.000417
0.020497
0.081340
0.065800
-0.090016
-0.035508
-0.053551
-0.073033
0.094097
0.008199
-0.036527
-0.027046
-0.035380
-0.082379
0.073630
-0.056247
-0.017343
-0.038506
0.045919
-0.050640
-0.030963
-0.013301
0.055894
0.030584
0.057364
-0.082915
-0.032863
0.031461
-0.090786
0.022257
-0.044059
0.039165
-0.073863
-0.048199
-0.047049
0.056163
-0.026712
-0.085268
-0.013913
0.075169
0.035279
0.072729
0.019917
0.014992
-0.039108
-0.033608
-0.049750
0.020700
-0.072581
-0.033153
0.085380
0.087269
-0.000278
-0.085858
0.005492
-0.000678
-0.093231
-0.061580
-0.052152
0.169400
-0.113521
0.047382
-0.041146
0.078432
-0.096133
-0.096973
0.092527
-0.099766
0.051870
-0.014589
0.031268
-0.044315
0.061478
0.093553
-0.038768
-0.001735
0.008496
0.020451
-0.098387
0.058325
0.006722
-0.022690
0.045562
-0.040500
-0.020784
-0.056929
0.042851
-0.081920
0.047346
-0.034366
0.064337
0.016393
0.054378
-0.071455
-0.117037
-0.003768
-0.084824
0.065575
0.054200
-0.005513
0.001949
-0.015421
-0.044018
0.044395
-0.048474
0.121753
0.034334
0.003628
-0.059959
-0.001636
0.003196
-0.078904
-0.102744
0.036641
-0.029759
-0.079281
0.078249
-0.067003
-0.084682
-0.114152
-0.108001
-0.045798
-0.060274
-0.063165
-0.067324
0.046582
0.050054
-0.012683
0.007133
-0.065433
-0.062403
-0.032262
0.048964
-0.026925
-0.034656
0.030544
0.038911
-0.027225
0.092318
0.075278
0.085819
0.221348
-0.017626
0.055900
0.074347
0.087321
0.019765
0.120504
0.043183
-0.049230
-0.052074
0.062062
0.025252
0.040428
0.025381
0.193020
0.043608
0.037654
-0.043117
-0.027850
0.042532
-0.081033
0.030364
-0.068794
-0.012302
0.003750
-0.079252
-0.082429
-0.070400
-0.075159
-0.068563
-0.030700
-0.066932
-0.071731
0.054316
0.042820
-0.000092
0.004900
-0.020999
-0.031148
-0.074166
0.026315
0.045676
-0.041925
-0.029116
-0.023150
0.033983
-0.007020
-0.005930
-0.083307
0.059823
-0.029069
-0.022063
-0.049583
-0.013723
0.001398
-0.061477
-0.025800
-0.045731
0.019083
-0.041064
0.054658
0.028687
-0.052148
0.036605
-0.068175
-0.058322
-0.059144
0.090149
-0.057170
0.074016
-0.062204
0.009204
-0.060300
0.040608
-0.049197
0.055870
0.024222
-0.093065
0.029688
-0.069159
0.008016
-0.055575
0.060151
0.072449
0.071686
-0.002287
0.069372
0.032602
0.003562
-0.090119
0.044418
-0.028175
0.041416
0.068262
-0.036759
0.013708
0.000417
0.051557
-0.004055
-0.076692
0.060348
0.006973
-0.029579
0.069108
-0.096323
-0.072562
0.018737
0.064029
-0.015667
0.033503
-0.030892
0.037705
-0.058158
-0.048720
0.077095
0.023116
0.045705
0.061877
0.062818
-0.079756
0.023033
-0.050335
-0.002886
-0.012845
-0.009022
-0.029451
0.019904
-0.024183
0.036467
0.066384
0.012490
-0.092980
0.011723
-0.017252
-0.030490
0.075972
-0.079448
-0.003030
-0.097592
0.051169
0.010959
0.054157
0.028145
0.026297
-0.058705
-0.055633
-0.098837
-0.045579
-0.039275
-0.045175
-0.014533
-0.076857
0.054030
0.065228
-0.058551
-0.096267
0.004900
-0.058808
0.061974
-0.058090
0.063531
0.040869
0.084352
0.002149
-0.050755
-0.096169
-0.027776
-0.045587
0.002196
0.022745
-0.061774
-0.014121
-0.012356
0.049635
-0.079681
0.050690
-0.062562
0.047919
0.083060
0.013950
-0.037702
-0.092025
0.063553
0.078175
-0.100064
0.071145
-0.005710
-0.013732
-0.041606
0.007281
0.043068
0.004302
-0.054296
0.011358
0.022933
-0.105769
0.069740
-0.001940
-0.050565
-0.024304
-0.029236
-0.013704
-0.079590
-0.027957
-0.045006
-0.107789
0.011211
0.023758
0.024875
-0.029574
0.062731
0.058220
0.062314
0.066964
-0.012953
0.033243
0.062455
-0.025313
-0.011974
-0.027839
-0.019526
0.006088
0.023191
0.040787
0.024697
0.076045
0.001687
0.022890
-0.005922
0.032060
-0.076085
-0.026770
-0.015667
-0.091981
-0.062792
-0.018175
0.051673
-0.024925
-0.075098
-0.088401
-0.063128
-0.078228
0.004229
0.087521
0.048683
-0.072797
-0.009185
-0.058921
-0.011666
-0.035686
-0.073356
-0.024845
0.065061
-0.067938
-0.000587
0.064428
0.044503
-0.002708
0.019577
-0.063844
-0.001298
-0.013786
-0.000340
-0.055585
0.039521
-0.026813
-0.091981
0.080589
0.082589
0.069889
0.040455
-0.019598
0.013112
0.052317
0.105044
0.085081
0.068347
-0.022386
-0.137925
0.053095
0.025518
-0.004280
0.021075
-0.058527
-0.015182
-0.095266
-0.006151
0.104811
0.006715
0.043971
0.011334
-0.060741
0.042576
0.035057
0.017353
-0.067797
-0.049389
-0.011187
0.105024
0.082014
0.068612
0.052003
0.049215
-0.020730
0.007995
0.015201
-0.214630
-0.034791
-0.006347
0.080050
-0.055010
-0.120568
0.041916
0.010444
0.044173
-0.047795
-0.097315
-0.072201
-0.086891
0.074049
-0.052048
0.088171
-0.056852
0.090718
-0.071507
0.150959
0.001509
0.030983
0.084794
-0.047444
-0.001594
0.088762
0.052015
-0.037076
0.027617
-0.014463
-0.057162
-0.071037
-0.004191
0.012760
0.047477
-0.019602
0.035395
0.046012
0.131301
-0.074456
0.001697
0.076566
-0.024841
0.073792
-0.042692
-0.025597
0.148214
-0.054431
-0.031798
-0.003178
-0.045529
-0.069381
-0.027725
0.042429
0.036860
-0.027667
0.145891
-0.044278
-0.021653
-0.004232
0.015778
-0.019398
-0.059411
0.108959
0.011930
-0.069390
-0.051662
-0.107626
0.012564
-0.095544
-0.046317
-0.119455
-0.062996
0.070541
0.019686
0.087634
0.111475
-0.054254
0.100917
0.017482
0.090321
0.016035
0.037152
0.026430
-0.101086
0.083142
0.025415
0.073204
-0.094152
0.033094
-0.157975
-0.098950
0.084697
-0.000707
0.013796
-0.118689
-0.046257
-0.008325
-0.066744
-0.041562
0.012792
0.072095
-0.049470
0.027649
0.045970
-0.041790
0.120735
0.099522
0.016440
-0.038893
-0.033705
-0.211846
-0.063520
-0.120282
0.125729
0.111983
0.043164
0.061704
0.084226
-0.055934
-0.011343
-0.109758
-0.051957
-0.039491
0.027625
0.028105
0.004015
0.054762
-0.089004
0.009709
0.058405
-0.056706
0.138093
-0.030840
0.030046
0.096214
0.065485
0.068863
0.060859
0.030270
-0.006576
-0.053356
-0.053384
0.003007
0.064058
0.059186
0.046620
0.044493
-0.084848
0.074162
-0.002464
-0.030352
-0.148369
0.131556
-0.039823
-0.054604
-0.010103
-0.105511
-0.058194
-0.078670
-0.006849
-0.065767
-0.028463
0.040758
-0.110378
-0.111307
0.073426
0.010695
0.026897
-0.099939
0.020218
0.026392
0.038178
-0.056744
0.212588
0.048998
-0.037700
0.054313
0.121842
0.033162
-0.006827
0.153572
-0.118159
0.153749
0.084583
0.141962
0.105753
-0.014436
0.000810
-0.067526
0.005947
0.049697
0.070793
0.091501
0.051261
-0.075349
0.050058
0.139426
0.028219
0.102843
-0.035158
-0.107042
0.041064
0.083153
-0.048629
0.025327
-0.064333
-0.000014
-0.028661
-0.060750
0.025017
0.145167
0.026392
-0.120311
-0.128912
-0.052427
0.073240
-0.008819
-0.104235
-0.099644
0.127130
0.008392
-0.095744
-0.071656
-0.121072
0.039053
-0.120949
-0.030145
0.022796
-0.064447
0.063544
0.139222
-0.100250
-0.004844
-0.088634
-0.092699
0.135920
-0.067255
0.352569
0.053733
0.103516
0.018380
0.047639
0.005546
0.030709
0.192314
0.107938
0.253479
-0.070386
0.212913
0.149437
-0.018441
-0.122163
0.111390
-0.055199
0.159155
0.153618
0.039527
0.015697
-0.050629
0.029997
-0.144029
0.128091
0.092631
-0.086094
0.219477
0.018346
-0.011325
0.021001
0.012159
-0.082209
-0.061170
0.079858
-0.083257
-0.029393
0.049898
0.096073
-0.041162
0.080587
-0.036789
-0.048463
0.113323
-0.066087
0.090996
0.005815
0.101170
0.197438
0.007647
0.041049
-0.039319
0.124940
0.040561
0.044185
-0.020075
-0.062011
-0.102550
0.012165
-0.084358
-0.054532
-0.029477
-0.064675
-0.184011
0.103209
0.208061
0.053510
-0.105749
-0.079342
0.029690
0.011398
-0.118524
-0.075812
-0.136220
0.186911
-0.001674
0.027411
-0.115819
-0.143834
0.069751
-0.007892
0.041596
0.213639
0.093637
